0.4
0.792
0.5436287999999999
0.818718541774848
0.4897810207254176
0.8246553891265326
0.477176298426629
0.823280959533416
0.48011508997040775
0.8236951481652794
0.47923078847905065
0.8235765115142336
0.4794841959477208
0.8236110358874921
0.47941046159102024
0.823601033996747
0.4794318236275794
0.8236039353983529
0.47942562688250556
0.823603094063713
0.47942742379089265
0.8236033380567975
0.4794269026750434
0.8236032672993109
0.4794270537975955
0.8236032878190247
0.4794270099719676
0.8236032818683114
0.479427022681392
0.8236032835940186
0.4794270189956583
0.8236032830935633
0.4794270200645214
0.8236032832386954
0.4794270197545511
0.8236032831966071
0.47942701984444236
0.8236032832088127
0.47942701981837393
0.8236032832052732
0.47942701982593355
0.8236032832062995
0.4794270198237416
0.8236032832060021
0.47942701982437685
0.8236032832060882
0.47942701982419283
0.8236032832060634
0.4794270198242459
0.8236032832060706
0.4794270198242305
0.8236032832060683
0.47942701982423525
0.823603283206069
0.4794270198242338
0.8236032832060687
0.4794270198242346
0.8236032832060689
0.47942701982423414
0.823603283206069
0.4794270198242338
0.8236032832060687
0.4794270198242346
0.8236032832060689
0.47942701982423414
0.823603283206069
0.4794270198242338
0.8236032832060687
0.4794270198242346
0.8236032832060689
0.47942701982423414
0.823603283206069
0.4794270198242338
0.8236032832060687
0.4794270198242346
0.8236032832060689
0.47942701982423414
0.823603283206069
0.4794270198242338
0.8236032832060687
0.4794270198242346
0.8236032832060689
0.47942701982423414
0.823603283206069
0.4794270198242338
0.8236032832060687
0.4794270198242346
0.8236032832060689
0.47942701982423414
0.823603283206069
0.4794270198242338
0.8236032832060687
0.4794270198242346
0.8236032832060689
0.47942701982423414
0.823603283206069
0.4794270198242338
0.8236032832060687
0.4794270198242346
0.8236032832060689
0.47942701982423414
0.823603283206069
0.4794270198242338
0.8236032832060687
0.4794270198242346
0.8236032832060689
0.47942701982423414
0.823603283206069
0.4794270198242338
0.8236032832060687
0.4794270198242346
0.8236032832060689
0.47942701982423414
0.823603283206069
0.4794270198242338
0.8236032832060687
0.4794270198242346
0.8236032832060689
0.47942701982423414
0.823603283206069
0.4794270198242338
0.8236032832060687
0.4794270198242346
0.8236032832060689
0.47942701982423414
0.823603283206069
0.4794270198242338
0.8236032832060687
0.4794270198242346
0.8236032832060689
0.47942701982423414
0.823603283206069
0.4794270198242338
0.8236032832060687
0.4794270198242346
0.8236032832060689
0.47942701982423414
0.823603283206069
0.4794270198242338
0.8236032832060687
0.4794270198242346
0.8236032832060689
0.47942701982423414
0.823603283206069
0.4794270198242338
0.8236032832060687
0.4794270198242346
0.8236032832060689
0.47942701982423414
0.823603283206069
0.4794270198242338
0.8236032832060687
0.4794270198242346
0.8236032832060689
0.47942701982423414
0.823603283206069
0.4794270198242338
0.8236032832060687
0.4794270198242346
0.8236032832060689
0.47942701982423414
0.823603283206069
0.4794270198242338
0.8236032832060687
0.4794270198242346
0.8236032832060689
0.47942701982423414
0.823603283206069
0.4794270198242338
0.8236032832060687
0.4794270198242346
0.8236032832060689
0.47942701982423414
0.823603283206069
0.4794270198242338
0.8236032832060687
0.4794270198242346
0.8236032832060689
0.47942701982423414
0.823603283206069
0.4794270198242338
0.8236032832060687
0.4794270198242346
0.8236032832060689
0.47942701982423414
0.823603283206069
0.4794270198242338
0.8236032832060687
0.4794270198242346
0.8236032832060689
0.47942701982423414
0.823603283206069
0.4794270198242338
0.8236032832060687
0.4794270198242346
0.8236032832060689
0.47942701982423414
0.823603283206069
0.4794270198242338
0.8236032832060687
0.4794270198242346
0.8236032832060689
0.47942701982423414
0.823603283206069
0.4794270198242338
0.8236032832060687
0.4794270198242346
0.8236032832060689
0.47942701982423414
0.823603283206069
0.4794270198242338
0.8236032832060687
0.4794270198242346
0.8236032832060689
0.47942701982423414
0.823603283206069
0.4794270198242338
0.8236032832060687
0.4794270198242346
0.8236032832060689
0.47942701982423414
0.823603283206069
0.4794270198242338
0.8236032832060687
0.4794270198242346
0.8236032832060689
0.47942701982423414
0.823603283206069
0.4794270198242338
0.8236032832060687
0.4794270198242346
0.8236032832060689
0.47942701982423414
0.823603283206069
0.4794270198242338
0.8236032832060687
0.4794270198242346
0.8236032832060689
0.47942701982423414
0.823603283206069
0.4794270198242338
0.8236032832060687
0.4794270198242346
0.8236032832060689
0.47942701982423414
0.823603283206069
0.4794270198242338
0.8236032832060687
0.4794270198242346
0.8236032832060689
0.47942701982423414
0.823603283206069
0.4794270198242338
0.8236032832060687
0.4794270198242346
0.8236032832060689
0.47942701982423414
0.823603283206069
0.4794270198242338
0.8236032832060687
0.4794270198242346
0.8236032832060689
0.47942701982423414
0.823603283206069
0.4794270198242338
0.8236032832060687
0.4794270198242346
0.8236032832060689
0.47942701982423414
0.823603283206069
0.4794270198242338
0.8236032832060687
0.4794270198242346
0.8236032832060689
0.47942701982423414
0.823603283206069
0.4794270198242338
0.8236032832060687
0.4794270198242346
0.8236032832060689
0.47942701982423414
0.823603283206069
0.4794270198242338
0.8236032832060687
0.4794270198242346
0.8236032832060689
0.47942701982423414
0.823603283206069
0.4794270198242338
0.8236032832060687
0.4794270198242346
0.8236032832060689
0.47942701982423414
0.823603283206069
0.4794270198242338
0.8236032832060687
0.4794270198242346
0.8236032832060689
0.47942701982423414
0.823603283206069
0.4794270198242338
0.8236032832060687
0.4794270198242346
0.8236032832060689
0.47942701982423414
0.823603283206069
0.4794270198242338
0.8236032832060687
0.4794270198242346
0.8236032832060689
0.47942701982423414
0.823603283206069
0.4794270198242338
0.8236032832060687
0.4794270198242346
0.8236032832060689
0.47942701982423414
0.823603283206069
0.4794270198242338
0.8236032832060687
0.4794270198242346
0.8236032832060689
0.47942701982423414
0.823603283206069
0.4794270198242338
0.8236032832060687
0.4794270198242346
0.8236032832060689
0.47942701982423414
0.823603283206069
0.4794270198242338
0.8236032832060687
0.4794270198242346
0.8236032832060689
0.47942701982423414
0.823603283206069
0.4794270198242338
0.8236032832060687
0.4794270198242346
0.8236032832060689
0.47942701982423414
0.823603283206069
0.4794270198242338
0.8236032832060687
0.4794270198242346
0.8236032832060689
0.47942701982423414
0.823603283206069
0.4794270198242338
0.8236032832060687
0.4794270198242346
0.8236032832060689
0.47942701982423414
0.823603283206069
0.4794270198242338
0.8236032832060687
0.4794270198242346
0.8236032832060689
0.47942701982423414
0.823603283206069
0.4794270198242338
0.8236032832060687
0.4794270198242346
0.8236032832060689
0.47942701982423414
0.823603283206069
0.4794270198242338
0.8236032832060687
0.4794270198242346
0.8236032832060689
0.47942701982423414
0.823603283206069
0.4794270198242338
0.8236032832060687
0.4794270198242346
0.8236032832060689
0.47942701982423414
0.823603283206069
0.4794270198242338
0.8236032832060687
0.4794270198242346
0.8236032832060689
0.47942701982423414
0.823603283206069
0.4794270198242338
0.8236032832060687
0.4794270198242346
0.8236032832060689
0.47942701982423414
0.823603283206069
0.4794270198242338
0.8236032832060687
0.4794270198242346
0.8236032832060689
0.47942701982423414
0.823603283206069
0.4794270198242338
0.8236032832060687
0.4794270198242346
0.8236032832060689
0.47942701982423414
0.823603283206069
0.4794270198242338
0.8236032832060687
0.4794270198242346
0.8236032832060689
0.47942701982423414
0.823603283206069
0.4794270198242338
0.8236032832060687
0.4794270198242346
0.8236032832060689
0.47942701982423414
0.823603283206069
0.4794270198242338
0.8236032832060687
0.4794270198242346
0.8236032832060689
0.47942701982423414
0.823603283206069
0.4794270198242338
0.8236032832060687
0.4794270198242346
0.8236032832060689
0.47942701982423414
0.823603283206069
0.4794270198242338
0.8236032832060687
0.4794270198242346
0.8236032832060689
0.47942701982423414
0.823603283206069
0.4794270198242338
0.8236032832060687
0.4794270198242346
0.8236032832060689
0.47942701982423414
0.823603283206069
0.4794270198242338
0.8236032832060687
0.4794270198242346
0.8236032832060689
0.47942701982423414
0.823603283206069
0.4794270198242338
0.8236032832060687
0.4794270198242346
0.8236032832060689
0.47942701982423414
0.823603283206069
0.4794270198242338
0.8236032832060687
0.4794270198242346
0.8236032832060689
0.47942701982423414
0.823603283206069
0.4794270198242338
0.8236032832060687
0.4794270198242346
0.8236032832060689
0.47942701982423414
0.823603283206069
0.4794270198242338
0.8236032832060687
0.4794270198242346
0.8236032832060689
0.47942701982423414
0.823603283206069
0.4794270198242338
0.8236032832060687
0.4794270198242346
0.8236032832060689
0.47942701982423414
0.823603283206069
0.4794270198242338
0.8236032832060687
0.4794270198242346
0.8236032832060689
0.47942701982423414
0.823603283206069
0.4794270198242338
0.8236032832060687
0.4794270198242346
0.8236032832060689
0.47942701982423414
0.823603283206069
0.4794270198242338
0.8236032832060687
0.4794270198242346
0.8236032832060689
0.47942701982423414
0.823603283206069
0.4794270198242338
0.8236032832060687
0.4794270198242346
0.8236032832060689
0.47942701982423414
0.823603283206069
0.4794270198242338
0.8236032832060687
0.4794270198242346
0.8236032832060689
0.47942701982423414
0.823603283206069
0.4794270198242338
0.8236032832060687
0.4794270198242346
0.8236032832060689
0.47942701982423414
0.823603283206069
0.4794270198242338
0.8236032832060687
0.4794270198242346
0.8236032832060689
0.47942701982423414
0.823603283206069
0.4794270198242338
0.8236032832060687
0.4794270198242346
0.8236032832060689
0.47942701982423414
0.823603283206069
0.4794270198242338
0.8236032832060687
0.4794270198242346
0.8236032832060689
0.47942701982423414
0.823603283206069
0.4794270198242338
0.8236032832060687
0.4794270198242346
0.8236032832060689
0.47942701982423414
0.823603283206069
0.4794270198242338
0.8236032832060687
0.4794270198242346
0.8236032832060689
0.47942701982423414
0.823603283206069
0.4794270198242338
0.8236032832060687
0.4794270198242346
0.8236032832060689
0.47942701982423414
0.823603283206069
0.4794270198242338
0.8236032832060687
0.4794270198242346
0.8236032832060689
0.47942701982423414
0.823603283206069
0.4794270198242338
0.8236032832060687
0.4794270198242346
0.8236032832060689
0.47942701982423414
0.823603283206069
0.4794270198242338
0.8236032832060687
0.4794270198242346
0.8236032832060689
0.47942701982423414
0.823603283206069
0.4794270198242338
0.8236032832060687
0.4794270198242346
0.8236032832060689
0.47942701982423414
0.823603283206069
0.4794270198242338
0.8236032832060687
0.4794270198242346
0.8236032832060689
0.47942701982423414
0.823603283206069
0.4794270198242338
0.8236032832060687
0.4794270198242346
0.8236032832060689
0.47942701982423414
0.823603283206069
0.4794270198242338
0.8236032832060687
0.4794270198242346
0.8236032832060689
0.47942701982423414
0.823603283206069
0.4794270198242338
0.8236032832060687
0.4794270198242346
0.8236032832060689
0.47942701982423414
0.823603283206069
0.4794270198242338
0.8236032832060687
0.4794270198242346
0.8236032832060689
0.47942701982423414
0.823603283206069
0.4794270198242338
0.8236032832060687
0.4794270198242346
0.8236032832060689
0.47942701982423414
0.823603283206069
0.4794270198242338
0.8236032832060687
0.4794270198242346
0.8236032832060689
0.47942701982423414
0.823603283206069
0.4794270198242338
0.8236032832060687
0.4794270198242346
0.8236032832060689
0.47942701982423414
0.823603283206069
0.4794270198242338
0.8236032832060687
0.4794270198242346
0.8236032832060689
0.47942701982423414
0.823603283206069
0.4794270198242338
0.8236032832060687
0.4794270198242346
0.8236032832060689
0.47942701982423414
0.823603283206069
0.4794270198242338
0.8236032832060687
0.4794270198242346
0.8236032832060689
0.47942701982423414
0.823603283206069
0.4794270198242338
0.8236032832060687
0.4794270198242346
0.8236032832060689
0.47942701982423414
0.823603283206069
0.4794270198242338
0.8236032832060687
0.4794270198242346
0.8236032832060689
0.47942701982423414
0.823603283206069
0.4794270198242338
0.8236032832060687
0.4794270198242346
0.8236032832060689
0.47942701982423414
0.823603283206069
0.4794270198242338
0.8236032832060687
0.4794270198242346
0.8236032832060689
0.47942701982423414
0.823603283206069
0.4794270198242338
0.8236032832060687
0.4794270198242346
0.8236032832060689
0.47942701982423414
0.823603283206069
0.4794270198242338
0.8236032832060687
0.4794270198242346
0.8236032832060689
0.47942701982423414
0.823603283206069
0.4794270198242338
0.8236032832060687
0.4794270198242346
0.8236032832060689
0.47942701982423414
0.823603283206069
0.4794270198242338
0.8236032832060687
0.4794270198242346
0.8236032832060689
0.47942701982423414
0.823603283206069
0.4794270198242338
0.8236032832060687
0.4794270198242346
0.8236032832060689
0.47942701982423414
0.823603283206069
0.4794270198242338
0.8236032832060687
0.4794270198242346
0.8236032832060689
0.47942701982423414
0.823603283206069
0.4794270198242338
0.8236032832060687
0.4794270198242346
0.8236032832060689
0.47942701982423414
0.823603283206069
0.4794270198242338
0.8236032832060687
0.4794270198242346
0.8236032832060689
0.47942701982423414
0.823603283206069
0.4794270198242338
0.8236032832060687
0.4794270198242346
0.8236032832060689
0.47942701982423414
0.823603283206069
0.4794270198242338
0.8236032832060687
0.4794270198242346
0.8236032832060689
0.47942701982423414
0.823603283206069
0.4794270198242338
0.8236032832060687
0.4794270198242346
0.8236032832060689
0.47942701982423414
0.823603283206069
0.4794270198242338
0.8236032832060687
0.4794270198242346
0.8236032832060689
0.47942701982423414
0.823603283206069
0.4794270198242338
0.8236032832060687
0.4794270198242346
0.8236032832060689
0.47942701982423414
0.823603283206069
0.4794270198242338
0.8236032832060687
0.4794270198242346
0.8236032832060689
0.47942701982423414
0.823603283206069
0.4794270198242338
0.8236032832060687
0.4794270198242346
0.8236032832060689
0.47942701982423414
0.823603283206069
0.4794270198242338
0.8236032832060687
0.4794270198242346
0.8236032832060689
0.47942701982423414
0.823603283206069
0.4794270198242338
0.8236032832060687
0.4794270198242346
0.8236032832060689
0.47942701982423414
0.823603283206069
0.4794270198242338
0.8236032832060687
0.4794270198242346
0.8236032832060689
0.47942701982423414
0.823603283206069
0.4794270198242338
0.8236032832060687
0.4794270198242346
0.8236032832060689
0.47942701982423414
0.823603283206069
0.4794270198242338
0.8236032832060687
0.4794270198242346
0.8236032832060689
0.47942701982423414
0.823603283206069
0.4794270198242338
0.8236032832060687
0.4794270198242346
0.8236032832060689
0.47942701982423414
0.823603283206069
0.4794270198242338
0.8236032832060687
0.4794270198242346
0.8236032832060689
0.47942701982423414
0.823603283206069
0.4794270198242338
0.8236032832060687
0.4794270198242346
0.8236032832060689
0.47942701982423414
0.823603283206069
0.4794270198242338
0.8236032832060687
0.4794270198242346
0.8236032832060689
0.47942701982423414
0.823603283206069
0.4794270198242338
0.8236032832060687
0.4794270198242346
0.8236032832060689
0.47942701982423414
0.823603283206069
0.4794270198242338
0.8236032832060687
0.4794270198242346
0.8236032832060689
0.47942701982423414
0.823603283206069
0.4794270198242338
0.8236032832060687
0.4794270198242346
0.8236032832060689
0.47942701982423414
0.823603283206069
0.4794270198242338
0.8236032832060687
0.4794270198242346
0.8236032832060689
0.47942701982423414
0.823603283206069
0.4794270198242338
0.8236032832060687
0.4794270198242346
0.8236032832060689
0.47942701982423414
0.823603283206069
0.4794270198242338
0.8236032832060687
0.4794270198242346
0.8236032832060689
0.47942701982423414
0.823603283206069
0.4794270198242338
0.8236032832060687
0.4794270198242346
0.8236032832060689
0.47942701982423414
0.823603283206069
0.4794270198242338
0.8236032832060687
0.4794270198242346
0.8236032832060689
0.47942701982423414
0.823603283206069
0.4794270198242338
0.8236032832060687
0.4794270198242346
0.8236032832060689
0.47942701982423414
0.823603283206069
0.4794270198242338
0.8236032832060687
0.4794270198242346
0.8236032832060689
0.47942701982423414
0.823603283206069
0.4794270198242338
0.8236032832060687
0.4794270198242346
0.8236032832060689
0.47942701982423414
0.823603283206069
0.4794270198242338
0.8236032832060687
0.4794270198242346
0.8236032832060689
0.47942701982423414
0.823603283206069
0.4794270198242338
0.8236032832060687
0.4794270198242346
0.8236032832060689
0.47942701982423414
0.823603283206069
0.4794270198242338
0.8236032832060687
0.4794270198242346
0.8236032832060689
0.47942701982423414
0.823603283206069
0.4794270198242338
0.8236032832060687
0.4794270198242346
0.8236032832060689
0.47942701982423414
0.823603283206069
0.4794270198242338
0.8236032832060687
0.4794270198242346
0.8236032832060689
0.47942701982423414
0.823603283206069
0.4794270198242338
0.8236032832060687
0.4794270198242346
0.8236032832060689
0.47942701982423414
0.823603283206069
0.4794270198242338
0.8236032832060687
0.4794270198242346
0.8236032832060689
0.47942701982423414
0.823603283206069
0.4794270198242338
0.8236032832060687
0.4794270198242346
0.8236032832060689
0.47942701982423414
0.823603283206069
0.4794270198242338
0.8236032832060687
0.4794270198242346
0.8236032832060689
0.47942701982423414
0.823603283206069
0.4794270198242338
0.8236032832060687
0.4794270198242346
0.8236032832060689
0.47942701982423414
0.823603283206069
0.4794270198242338
0.8236032832060687
0.4794270198242346
0.8236032832060689
0.47942701982423414
0.823603283206069
0.4794270198242338
0.8236032832060687
0.4794270198242346
0.8236032832060689
0.47942701982423414
0.823603283206069
0.4794270198242338
0.8236032832060687
0.4794270198242346
0.8236032832060689
0.47942701982423414
0.823603283206069
0.4794270198242338
0.8236032832060687
0.4794270198242346
0.8236032832060689
0.47942701982423414
0.823603283206069
0.4794270198242338
0.8236032832060687
0.4794270198242346
0.8236032832060689
0.47942701982423414
0.823603283206069
0.4794270198242338
0.8236032832060687
0.4794270198242346
0.8236032832060689
0.47942701982423414
0.823603283206069
0.4794270198242338
0.8236032832060687
0.4794270198242346
0.8236032832060689
0.47942701982423414
0.823603283206069
0.4794270198242338
0.8236032832060687
0.4794270198242346
0.8236032832060689
0.47942701982423414
0.823603283206069
0.4794270198242338
0.8236032832060687
0.4794270198242346
0.8236032832060689
0.47942701982423414
0.823603283206069
0.4794270198242338
0.8236032832060687
0.4794270198242346
0.8236032832060689
0.47942701982423414
0.823603283206069
0.4794270198242338
0.8236032832060687
0.4794270198242346
0.8236032832060689
0.47942701982423414
0.823603283206069
0.4794270198242338
0.8236032832060687
0.4794270198242346
0.8236032832060689
