0.0 0.1
-0.003999733333333334 0.09998000066666667
-0.007997866826663112 0.09992001066622222
-0.011992801279904004 0.09982005399386697
-0.01598293877254406 0.09968017063093704
-0.019966683302791607 0.0995004165289124
-0.02394244142595469 0.09928086358703701
-0.027908622891797692 0.0990215996235601
-0.03186364128062023 0.09872272834061
-0.035805914637803866 0.09838436928271471
-0.0397338661065729 0.09800665778898568
-0.04364592455871602 0.09758974493898394
-0.047540525223016626 0.09713379749229031
-0.05141611031114049 0.09663899782180382
-0.05527112964073029 0.09610554384079492
-0.059104041255457894 0.09553364892374284
-0.06291331204178632 0.09492354182098868
-0.06669741834219474 0.09427546656723826
-0.0704548465646211 0.09358968238395153
-0.07418409378787885 0.09286646357565745
-0.07788366836280533 0.09210609942023582
-0.08155209050890154 0.09130889405320995
-0.08518789290622462 0.09047516634609659
-0.08878962128229627 0.0896052497788615
-0.09235583499379234 0.08869949230653196
-0.09588510760278093 0.08775825622001934
-0.09937602744727861 0.08678191800120764
-0.10282719820589631 0.0857708681723657
-0.10623723945634929 0.08472551113994353
-0.10960478722760765 0.0836462650328151
-0.11292849454546657 0.08253356153503237
-0.11620703197131797 0.08138784571315748
-0.11943908813390831 0.08020957583824195
-0.12262337025386956 0.07899922320252448
-0.1257586046608137 0.07775727193092026
-0.1288435373027839 0.07648421878737753
-0.1318769342478586 0.07518057297617854
-0.1348575821777078 0.0738468559382647
-0.13778428887290423 0.07248360114266714
-0.1406558836897952 0.07109135387312615
-0.14347121802874452 0.06967067100998506
-0.14622916579355694 0.06822212080744544
-0.14892862384190167 0.06674628266627305
-0.15156851242655459 0.06524374690204524
-0.15414777562728277 0.06371511450903254
-0.15666538177319841 0.062160996919809086
-0.15912032385541355 0.060582015760687634
-0.1615116199298301 0.05897880260307737
-0.1638383135099044 0.05735199871086376
-0.16609947394922916 0.05570225478391154
-0.16829419681377952 0.05403023069779346
-0.1704216042436746 0.052336595239848856
-0.17248084530430988 0.050622025841677604
-0.1744710963267195 0.04888720830817654
-0.17639156123703303 0.04713283654322665
-0.1782414718748943 0.04535961227214074
-0.1800200883007154 0.0435682447609827
-0.18172669909164246 0.041759450532870515
-0.18336062162611552 0.03993395308137658
-0.18492120235690795 0.03809248258113992
-0.18640781707253665 0.03623577559580606
-0.18781987114693824 0.03436457478341142
-0.1891567997773117 0.03247962859932995
-0.19041806821003185 0.030581690996901008
-0.19160317195454368 0.028671521125858055
-0.1927116369851519 0.02674988302867889
-0.19374301993062487 0.024817545334978847
-0.19469690825153713 0.022875280954069193
-0.19557292040527977 0.020923866765803715
-0.1963707059986723 0.018964083309837138
-0.19708994592811527 0.016996714473419668
-0.19773035250722748 0.015022547177852546
-0.19829166958191669 0.01304237106373002
-0.1987736726328378 0.011056978175093636
-0.19917616886519765 0.009067162642625182
-0.19949899728587037 0.007073720366005008
-0.1997420287677924 0.005077448695562764
-0.1999051661016117 0.003079146113347897
-0.19998834403457008 0.001079611913747486
-0.1999915292966036 -0.0009203541162208619
-0.19991472061364995 -0.0029199520168131502
-0.19975794870815822 -0.004918381975532225
-0.19952127628680022 -0.006914844647042109
-0.19920479801538873 -0.008908541472895475
-0.1988086404810124 -0.010898675000946384
-0.1983329621414026 -0.012884449204320497
-0.19777795326155248 -0.014865069799815226
-0.19714383583761338 -0.016839744565602412
-0.19643086350809952 -0.0188076836581065
-0.19563932145243582 -0.020768099927931424
-0.19476952627689 -0.022720209234709896
-0.19382182588793437 -0.024663230760749062
-0.19279659935308768 -0.026596387323347202
-0.19169425674929336 -0.028518905685656425
-0.1905152389988941 -0.030430016865967097
-0.1892600176932689 -0.03232895644529029
-0.1879290949042026 -0.03421496487311517
-0.1865230029830641 -0.03608728777121907
-0.1850423043478728 -0.03794517623540873
-0.18348759125833888 -0.03978788713507199
-0.1818594855789673 -0.04161468341042011
-0.18015863853032038 -0.043424834367301865
-0.17838573042853814 -0.045217615969471485
-0.17654147041322102 -0.04699231112819346
-0.17462659616378345 -0.048748209989068494
-0.1726418736043919 -0.05048461021596581
-0.17058809659760546 -0.0522008172719482
-0.16846608662684137 -0.053896144697077576
-0.16627669246779267 -0.05556991438298979
-0.16402078984892915 -0.0572214568441289
-0.16169928110121773 -0.058850111485532514
-0.15931309479720202 -0.060455226867060924
-0.15686318537958574 -0.06203616096396451
-0.1543505327794684 -0.06359228142368506
-0.15177614202438577 -0.06512296581878836
-0.1491410428363125 -0.06662760189592688
-0.14644628921978683 -0.06810558782073295
-0.143692959040323 -0.06955633241854445
-0.14088215359327932 -0.07097925541086683
-0.13801499716335477 -0.07237378764747676
-0.13509263657489007 -0.07373937133407463
-0.13211624073315323 -0.0750754602553948
-0.12908700015679309 -0.0763815199936845
-0.12600612650164766 -0.07765702814246372
-0.12287485207609801 -0.0789014745154809
-0.11969442934816127 -0.08011436135078055
-0.11646613044452021 -0.08129520350980152
-0.11319124664168947 -0.08244352867142582
-0.10987108784952221 -0.08355887752090085
-0.10650698208726359 -0.08464080393355917
-0.10310027495236081 -0.0856888751532624
-0.09965232908224209 -0.08670267196549789
-0.09616452360927982 -0.08768178886505897
-0.09263825360915608 -0.0886258342182416
-0.08907492954285086 -0.08953443041949267
-0.08547597669247656 -0.09040721404244713
-0.08184283459118413 -0.0912438359852937
-0.07817695644736901 -0.092043961610411
-0.0744798085634071 -0.09280727087821805
-0.07075286974915342 -0.0935334584751859
-0.06699763073043788 -0.09422223393595895
-0.0632155935527948 -0.09487332175953721
-0.05940827098066473 -0.09548646151947303
-0.05557718589230887 -0.0960614079680382
-0.05172387067067803 -0.09659793113431982
-0.047849866590479934 -0.09709581641620549
-0.04395672320168984 -0.09755486466622143
-0.040045997709751244 -0.09797489227118872
-0.03611925435271445 -0.09835573122566614
-0.032178063775562225 -0.09869722919915012
-0.02822400240197273 -0.09899924959700493
-0.02425865180377108 -0.09926167161509865
-0.0202835980683217 -0.09948439028812328
-0.016300431164114525 -0.09966731653157943
-0.012310744304798817 -0.09981037717740893
-0.008316133311918935 -0.09991351500326108
-0.004318195976607005 -0.09997668875538085
-0.00031853142048776997 -0.09999987316510979
0.0036812605439487363 -0.09998305895899319
0.0076795800532508535 -0.09992625286248932
0.011674827832929342 -0.09982947759727936
0.015665405837145856 -0.09969277187217902
0.01964971788790997 -0.0995161903676555
0.02362617031352908 -0.09929980371395605
0.02759317258605585 -0.09904369846285688
0.031549137957478164 -0.09874797705304346
0.03549248409439718 -0.09841275776913655
0.03942163371093961 -0.09803817469437986
0.04333501519965099 -0.09762437765700857
0.04723106326011775 -0.09717153217031997
0.051108219525066494 -0.09667981936647045
0.05496493318369012 -0.09614943592402497
0.05879966160195147 -0.0955805939892883
0.06261087093961638 -0.09497352109144928
0.06639703676376933 -0.09432846005157226
0.07015664465856625 -0.09364566888547184
0.07388819083098068 -0.09292542070050998
0.07759018271230095 -0.09216800358635677
0.08126113955513775 -0.09137372049975832
0.08489959302570332 -0.09054288914335817
0.08850408779112541 -0.08967584183862042
0.09207318210156101 -0.08877292539290557
0.0956054483668771 -0.08783450096075228
0.09909947372766757 -0.08686094389942027
0.10255386062037827 -0.08585264361875249
0.10596722733631372 -0.08481000342541632
0.10933820857430217 -0.08373344036158635
0.11266545598679785 -0.08262338503813299
0.11594763871920208 -0.08148028146238394
0.11918344394218729 -0.08030458686052713
0.12237157737681127 -0.07909677149472637
0.1255107638122115 -0.07785731847502271
0.12859974761567244 -0.07658672356609693
0.131637293234862 -0.07528549498897022
0.13462218569203582 -0.0739541532177226
0.1375532310700123 -0.07259323077131018
0.14042925698972353 -0.07120327200056471
0.14324911307915122 -0.0697848328704605
0.14601167143346025 -0.06833848073773584
0.1487158270661455 -0.06686479412395785
0.15136049835101176 -0.06536436248412161
0.15394462745480977 -0.06383778597087598
0.15646718076035546 -0.06228567519447059
0.1589271492799629 -0.06070865097851982
0.1613235490590261 -0.05910734411168168
0.1636554215695876 -0.05748239509535075
0.16592183409373693 -0.05583445388746615
0.16812188009668536 -0.054164179642537044
0.17025467958936766 -0.052472240447989614
0.17231937948042603 -0.050759313056941
0.1743151539174353 -0.04902608261750709
0.1762412046172328 -0.0472732423987524
0.17809676118522108 -0.04550149351339168
0.17988108142351542 -0.0437115446373542
0.18159345162781307 -0.04190411172632282
0.1832331868728655 -0.04007991772936126
0.18479963128643934 -0.038239692299744096
0.18629215831165655 -0.036384171503105224
0.1877101709576088 -0.03451409752302139
0.18905310203814588 -0.03263021836414865
0.19032041439874256 -0.030733287553030512
0.19151160113135332 -0.02882406383669733
0.19262618577716872 -0.026903310879177637
0.19366372251719263 -0.024971796956042704
0.19462379635056384 -0.023030294647106563
0.19550602326055092 -0.021079580527404367
0.19631005036815372 -0.019120434856572756
0.19703555607325038 -0.01715364126675638
0.197682250183233 -0.015179986449165517
0.19824987402908076 -0.013200259839410053
0.19873820056882427 -0.011215253301735782
0.19914703447835913 -0.00922576081228926
0.1994762122295731 -0.007232578141537934
0.19972560215575508 -0.005236502535972569
0.19989510450426007 -0.003238332399219278
0.19998465147640895 -0.001238866972688719
0.19999420725460698 0.000761093984109811
0.19992376801667033 0.0027607505134615157
0.19977336193735504 0.004759302779418519
0.19954304917708732 0.00675595138772358
0.1992329218579003 0.008749897705557133
0.19884310402658648 0.010740344180979772
0.19837375160508047 0.012726494661942384
0.19782505232809253 0.014707554714736362
0.19719722566801703 0.016682731941756485
0.1964905227471465 0.018651236298449406
0.19570522623722605 0.020612280409320925
0.19484165024638836 0.022565079882875698
0.19390014019351473 0.024508853625363376
0.1928810726700721 0.02644282415320568
0.19178485528948142 0.028366217903979474
0.1906119265240778 0.030278265545831417
0.18936275552972737 0.03217820228520045
0.1880378419581712 0.03406526817272501
0.1866377157571713 0.03593870840721266
0.18516293695853855 0.037797773637550484
0.18361409545412744 0.039641720262435544
0.18199181075988718 0.0414698107278055
0.18029673176806366 0.043281313821850374
0.1785295364876511 0.04507550496748755
0.17669093177319756 0.04685166651218294
0.17478165304207252 0.04860908801500241
0.17280246398030974 0.050347066530778695
0.17075415623714305 0.05206490689128009
0.16863754910835715 0.053761921983268485
0.16645348920858036 0.055437433023335474
0.16420285013264987 0.05709076982940669
0.16188653210618562 0.058721271088805684
0.15950546162551194 0.06032828462277018
0.15706059108707143 0.06191116764731489
0.1545528984064791 0.06346928703033654
0.15198338662736907 0.06500201954485824
0.14935308352019064 0.066508752118312
0.14666304117111367 0.06798888207775958
0.14391433556120822 0.06944181739095359
0.14110806613606644 0.07086697690314256
0.13824535536603905 0.07226379056952502
0.13532734829726206 0.07363169968325986
0.1323552120936537 0.07497015709894163
0.12933013557006431 0.07627862745145136
0.12625332871676637 0.07755658737009552
0.12312602221547438 0.07880352568794727
0.1199494669470887 0.08001894364630645
0.11672493349135986 0.0812023550941964
0.11345371161867354 0.08235328668281787
0.11013710977415966 0.0834712780548822
0.10677645455433175 0.08455588202874817
0.10337309017646606 0.08560666477728858
0.09992837794093257 0.08662320600141543
0.09644369568669295 0.08760509909819389
0.09292043724018342 0.08855195132347805
0.08936001185780271 0.08946338394900337
0.08576384366222829 0.09033903241387292
0.08213337107278633 0.09117854647037688
0.07847004623010309 0.09198159032408693
0.0747753344152681 0.0927478427681696
0.0710507134637412 0.09347699731186465
0.06729767317423813 0.09416876230307736
0.06351771471283081 0.09482286104503543
0.059712350012501046 0.095439031906964
0.055883101168387406 0.09601702842873448
0.0520314998289675 0.09655661941944535
0.04815908658341901 0.09705758904989538
0.04426741034540456 0.09751973693891246
0.04035802773352688 0.09794287823350341
0.03643250244870218 0.09832684368279268
0.03249240464870057 0.09867147970572047
0.02853931032010392 0.0989766484524731
0.02457480064793225 0.09924222785962108
0.020600461383190785 0.0994681116989429
0.016617882208590704 0.09965420961991485
0.012628656102697259 0.09980044718585003
0.008634378702759588 0.09990676590367208
0.004636647666477088 0.09997312324731157
0.00063706203295764 0.09999949267471592
-0.003362778416876709 0.09998586363846582
-0.007361273800180787 0.09993224158999406
-0.011356824772118098 0.09983864797740506
-0.015347833165577435 0.0997051202368959
-0.019332702630418412 0.09953171177778232
-0.02330983927199023 0.09931849196113575
-0.027277652288668297 0.09906554607203975
-0.031234554608153643 0.09877297528547717
-0.035178963522280705 0.09844089662586145
-0.03910930132007946 0.09806944292022846
-0.043023995918838806 0.09765876274510744
-0.04692148149291866 0.0972090203670924
-0.05080019910005933 0.0967203956771376
-0.05465859730493768 0.09619308411860361
-0.0584951327997205 0.0956272966090826
-0.06230827102136712 0.0950232594560341
-0.06609648676543414 0.09438121426626496
-0.06985826479613685 0.09370141784928997
-0.0735921004524234 0.0929841421146114
-0.07729650024981907 0.09222967396295882
-0.08096998247780023 0.0914383151715327
-0.08461107779245873 0.09061038227329747
-0.08821832980421992 0.08974620643037264
-0.09179029566037904 0.08884613330157227
-0.09532554662222302 0.08791052290414617
-0.09882266863650699 0.08693974946977767
-0.10228026290105667 0.08593420129489607
-0.1056969464242706 0.08489428058536314
-0.10907135257829836 0.08382040329559617
-0.11240213164567345 0.08271299896219181
-0.11568795135918229 0.08157251053211706
-0.1189274974347534 0.08039939418553646
-0.12211947409715339 0.07919411915334607
-0.1252626045982799 0.07795716752948739
-0.1283556317278437 0.07668903407811621
-0.1313973183162361 0.07539022603570353
-0.13438644772938035 0.07406126290814774
-0.13732182435536894 0.07270267626297922
-0.14020227408269248 0.07131500951674034
-0.14302664476986868 0.06989881771762618
-0.14579380670628347 0.0684546673234726
-0.1485026530640603 0.06698313597518066
-0.15115210034077647 0.06548481226566796
-0.15374108879284967 0.06396029550443938
-0.15626858285942125 0.06241019547787116
-0.1587335715765668 0.060835132205304586
-0.16113506898166827 0.059235735691046454
-0.16347211450778573 0.05761264567237579
-0.16574377336787152 0.055966511363657434
-0.16794913692867244 0.05429799119666497
-0.17008732307417104 0.05260775255721681
-0.1721574765584202 0.05089647151823072
-0.17415876934763022 0.04916483256930372
-0.17609040095137113 0.04741352834292534
-0.1779515987427583 0.045643259337433864
-0.17974161826749285 0.04385473363682635
-0.1814597435416335 0.04204866662753446
-0.1831052873379805 0.040225780712279426
-0.18467759146095744 0.038386805021120594
-0.18617602700988062 0.03653247511981313
-0.18759999463051102 0.03466353271559154
-0.18894892475478797 0.032780725360496615
-0.19022227782864876 0.030884806152364642
-0.19141954452784304 0.028976533433598274
-0.1925402459616559 0.027056670487839697
-0.1935839338644575 0.025125985234667348
-0.19455019077500357 0.023185249922438318
-0.19543863020341426 0.02123524081939931
-0.1962488967857649 0.019276737903189695
-0.1969806664262269 0.017310524548860853
-0.19763364642670175 0.015337387215536593
-0.1982075756038963 0.013358115131840001
-0.1987022243937926 0.011373499980212507
-0.19911739494347055 0.009384335580251467
-0.19945292119024635 0.0073914175711929115
-0.1997086689280953 0.005395543093666454
-0.19988453586133256 0.0033975104708496733
-0.19998045164552994 0.0013981188891494883
-0.19999637791565278 -0.0006018319214617512
-0.1999323083014055 -0.002601542007327589
-0.1997882684297795 -0.004600211511078258
-0.19956431591480292 -0.00659704099156296
-0.19926054033449553 -0.008591231743615674
-0.19887706319503892 -0.010581986117526561
-0.1984140378821756 -0.012568507838091223
-0.19787164959985667 -0.014550002323110158
-0.19725011529616282 -0.01652567700121105
-0.1965496835765279 -0.018494741628866752
-0.19577063460430016 -0.02045640860648215
-0.19491327998868052 -0.02240989329342351
-0.19397796266008316 -0.024354414321864262
-0.19296505673296785 -0.02628919390932171
-0.1918749673561992 -0.02821345816975966
-0.19070813055099248 -0.030126437423132518
-0.18946501303651098 -0.03202736650324703
-0.18814611204318454 -0.03391548506381858
-0.1867519551138241 -0.03579003788259953
-0.1852830998926114 -0.0376502751634581
-0.183740133902049 -0.03949545283628676
-0.1821236743079589 -0.041324832854620415
-0.18043436767262458 -0.0431376834908451
-0.17867288969617467 -0.04493327962887928
-0.1768399449463119 -0.046710903054210655
-0.1749362665764953 -0.048469842741172324
-0.17296261603268887 -0.05020939513734361
-0.17091978274879305 -0.05192886444496164
-0.1688085838308819 -0.05362756289923118
-0.16662986373037145 -0.05530481104342135
-0.1643844939062504 -0.0569599380006393
-0.16207337247650822 -0.058592281742171994
-0.15969742385889982 -0.06020118935228887
-0.1572575984011909 -0.061786017289399434
-0.15475487200103147 -0.06334613164346131
-0.15219024571560968 -0.06488090838953581
-0.14956474536124248 -0.06638973363738958
-0.14687942110306265 -0.06787200387704251
-0.14413534703496683 -0.06932712622016368
-0.1413336207499922 -0.07075451863721881
-0.13847536290129395 -0.07215361019027425
-0.13556171675389897 -0.0735238412613646
-0.1325938477274151 -0.07486466377633243
-0.1295729429298787 -0.07617554142405059
-0.12650021068292744 -0.07745594987093955
-0.12337688003848767 -0.07870537697069385
-0.12020420028717001 -0.07992332296913375
-0.11698344045856982 -0.08110930070410025
-0.11371588881367224 -0.08226283580031349
-0.11040285232956502 -0.08338346685911652
-0.10704565617666509 -0.08447074564302857
-0.10364564318866804 -0.08552423725503414
-0.10020417332543258 -0.08654352031253593
-0.09672262312901471 -0.08752818711590234
-0.09320238517306928 -0.08847784381154179
-0.08964486750583905 -0.08939211054943902
-0.08605149308695424 -0.09027062163508992
-0.08242369921826757 -0.09111302567577453
-0.07876293696895273 -0.09191898572110942
-0.07507067059509606 -0.09268817939782331
-0.07134837695401364 -0.09342029903870218
-0.06759754491352803 -0.09411505180565193
-0.06381967475644103 -0.0947721598068298
-0.06001627758044053 -0.09539136020779741
-0.05618887469368161 -0.09597240533665094
-0.05233899700628357 -0.09651506278308666
-0.04846818441798625 -0.09701911549136197
-0.044577985202210714 -0.09748436184711472
-0.04066995538677051 -0.09791061575800634
-0.03674565813148129 -0.0982977067281563
-0.03280666310291774 -0.0986454799263381
-0.028854545846567853 -0.0989537962479098
-0.02489088715663578 -0.09922253237045398
-0.020917272443745197 -0.09945158080310502
-0.016935291100796206 -0.0996408499295441
-0.01294653586722937 -0.09979026404464442
-0.008952602191951172 -0.0998997633847523
-0.004955087595175731 -0.09996930415159183
-0.0009555910294380115 -0.09999885852978357
0.003044287759965866 -0.09998841469797037
0.0070429488748554115 -0.09993797683354573
0.011038792904103705 -0.0998475651109829
0.015030221563380524 -0.09971721569376538
0.019015638334444758 -0.09954698071992196
0.022993449103730416 -0.09933692828117228
0.026962062799970807 -0.099087142395691
0.030919892030605817 -0.09879772297450164
0.03486535371671778 -0.09846878578151352
0.03879686972624192 -0.09810046238721776
0.04271286750519815 -0.0976929001160608
0.04661178070669168 -0.09724626198751661
0.05049204981743091 -0.09676072665088108
0.054352122781511934 -0.09623648831381465
0.0581904556212202 -0.09567375666466188
0.06200551305460103 -0.09507275678857888
0.06579576910955191 -0.09443372907750223
0.06955970773419101 -0.09375692913399548
0.07329582340325769 -0.09304262766901146
0.07700262172030253 -0.09229111039361153
0.08067862001542603 -0.091502677904685
0.08432234793832673 -0.09067764556471433
0.08793234804642178 -0.08981634337563438
0.09150717638780452 -0.08891911584683602
0.09504540307880599 -0.08798632185736698
0.0985456128759293 -0.08701833451238497
0.10200640574192824 -0.08601554099392068
0.1054263974058034 -0.08497834240601006
0.10880421991649221 -0.08390715361425805
0.11213852219003106 -0.0828024030798979
0.1154279705499709 -0.08166453268841242
0.11867124926083004 -0.08049399757278561
0.12186706105437077 -0.07929126593145558
0.12501412764848938 -0.07805681884104139
0.12811119025851195 -0.07679115006391884
0.13115701010069142 -0.07549476585072211
0.13415036888770462 -0.07416818473785022
0.1370900693159509 -0.07281193734005943
0.13997493554445767 -0.07142656613822437
0.14280381366520095 -0.07001262526235295
0.14557557216465342 -0.06857068026994176
0.14828910237637458 -0.06710130791976054
0.1509433189244626 -0.06560509594115649
0.15353716015769026 -0.06408264279897022
0.15606958857415112 -0.06253455745415791
0.15853959123624667 -0.060961459120215
0.16094618017584764 -0.059363977015499045
0.16328839278946825 -0.057742750111550764
0.1655652922232947 -0.056098426877513964
0.1677759677479142 -0.05443166502075651
0.1699195351225946 -0.05274313122379615
0.1719951369489689 -0.0510335008776364
0.17400194301398314 -0.049303457811619156
0.17593915062197057 -0.04755369401990206
0.17780598491571922 -0.04578490938467008
0.17960169918640442 -0.04399781139619196
0.18132557517226242 -0.04219311486983354
0.18297692334588547 -0.04037154166014117
0.18455508319002367 -0.03853382037210946
0.18605942346178295 -0.036680686069749065
0.18748934244511387 -0.03481287998207083
0.18884426819149 -0.03293114920660411
0.19012365874867976 -0.031036246410567677
0.19132700237752004 -0.029128929529812907
0.192453817756605 -0.027209961465659526
0.19350365417480828 -0.025280109779745256
0.1944760917115614 -0.023340146387011408
0.19537074140481647 -0.021390847246947176
0.1961872454066257 -0.019432992053216205
0.19692527712627583 -0.017467363921789523
0.1975845413609202 -0.015494749077709584
0.19816477441365582 -0.013515936540610741
0.19866574419899857 -0.011531717809121914
0.19908725033571445 -0.009542886544277688
0.1994291242269693 -0.007550238252064488
0.1996912291277653 -0.005554569965228788
0.19987346019963717 -0.003556679924474641
0.19997574455258615 -0.0015573672591780402
0.19999804127423504 0.0004425683322541738
0.19994034144619252 0.0024423269022530126
0.19980266814762052 0.004441108574055703
0.19958507644600273 0.006438113861645722
0.1992876533751185 0.008432543989536549
0.19891051790023034 0.010423601212271203
0.19845382087049948 0.012410489133509794
0.19791774495864814 0.014392413024577434
0.197302504587893 0.016368580142345115
0.1966083458461787 0.018338200046316387
0.19583554638774592 0.020300484914793013
0.1949844153220734 0.022254649859993154
0.1940552930902383 0.024199913241996007
0.19304855132874435 0.02613549698138735
0.19196459272087207 0.028060626870480943
0.19080385083561094 0.029974532882991265
0.18956678995423754 0.031876449482033775
0.18825390488460922 0.033765615926329436
0.18686572076324762 0.035641276574491114
0.185402792845291 0.03750268118727003
0.18386570628239957 0.03934908522764146
0.18225507588870274 0.04117975015860964
0.18057154589488153 0.042993943738612685
0.17881578969048498 0.04479094031440947
0.17698850955458328 0.046570021111331246
0.1750904363748655 0.048330474520781916
0.1731223293552942 0.05007159638487199
0.17108497571243414 0.051792690278072366
0.16897919036057601 0.05349306778577522
0.16680581558578159 0.055172048779650706
0.1645657207089806 0.05682896168968919
0.16225980173825388 0.05846314377282033
0.15988898101044216 0.06007394137800144
0.15745420682222355 0.061660710207669195
0.1549564530508076 0.06322281557545008
0.15239671876439734 0.06475963266002646
0.1497760278225753 0.06627054675505681
0.14709542846677337 0.06775495351504998
0.14435599290099024 0.06921225919709542
0.14155881686292404 0.07064188089835237
0.13870501918569186 0.07204324678920324
0.1357957413503115 0.07341579634197784
0.1328321470291242 0.07475898055515696
0.1298154216203412 0.0760722621729657
0.12674677177390045 0.07735511590026851
0.12362742490882248 0.07860702861268039
0.12045862872225929 0.07982749956180966
0.11724165069043214 0.08101604057555074
0.1139777775616579 0.08217217625334643
0.1106683148416669 0.0832954441563418
0.10731458627141809 0.08438539499235359
0.10391793329762021 0.08544159279558108
0.10047971453617112 0.08646361510098659
0.09700130522872945 0.08745105311327585
0.09348409669263634 0.08840351187041069
0.08992949576440702 0.08932061040158859
0.08633892423701497 0.0902019818796259
0.0827138182911937 0.09104727376768385
0.07905562792098361 0.09185614796027854
0.07536581635375368 0.09262828091851869
0.07164585946493007 0.09336336379951682
0.06789724518766561 0.09406110257992233
0.06412147291768637 0.09472121817352688
0.06032005291355337 0.09534344654289521
0.05649450569257932 0.09592753880497654
0.05264636142264193 0.09647326133065447
0.04877715931013718 0.09698039583819555
0.04488844698431729 0.09744873948055904
0.04098177987825966 0.09787810492653304
0.03705872060671436 0.09826832043566444
0.033120838341079074 0.09861922992695285
0.02916970818175147 0.0989306930412809
0.025206910528110048 0.09920258519755598
0.02123403044637545 0.09943479764254112
0.017252657035605114 0.09962723749435472
0.013264382792074834 0.09977982777962212
0.009270802972301498 0.09989250746426394
0.005273514954961737 0.09996523147790884
0.0012741176019617651 0.09999797073192111
-0.002725789381086069 0.09999071213103575
-0.006724606084724196 0.09994345857859635
-0.010720733035592268 0.09985622897539384
-0.01471257183619519 0.09972905821210638
-0.018698525804240786 0.09956199715534363
-0.02267700061129144 0.09935511262730067
-0.02664640492047421 0.09910848737903012
-0.03060515102299434 0.09882222005734277
-0.03455165547319764 0.09849642516535018
-0.03848433972192761 0.09813123301666495
-0.04240163074792404 0.09772678968327704
-0.04630196168701058 0.0972832569371269
-0.050183772458819505 0.09680081218539888
-0.05404551039080302 0.09627964839956066
-0.057885630839281624 0.0957199740381773
-0.06170259780728096 0.09512201296353057
-0.06549488455891014 0.094486004352077
-0.06926097423003573 0.09381220259878055
-0.07299936043500718 0.09310087721535794
-0.076708547869191 0.0923523127224776
-0.08038705290707265 0.0915668085359552
-0.08403340419568704 0.09074467884699128
-0.08764614324313999 0.089886252496499
-0.09122382500198561 0.08899187284357214
-0.09476501844722603 0.08806189762814606
-0.0982683071487022 0.08709669882790645
-0.10173228983764723 0.08609666250950328
-0.10515558096717507 0.08506218867412921
-0.10853681126648089 0.08399369109752454
-0.11187462828853106 0.08289159716447235
-0.115167696951024 0.08175634769785031
-0.11841470007040525 0.08058839678230745
-0.12161433888872338 0.07938821158263629
-0.12476533359311578 0.07815627215691319
-0.12786642382771682 0.07689307126448153
-0.13091636919778332 0.0755991141688545
-0.13391394976583595 0.07427491843561645
-0.13685796653961796 0.0729210137254036
-0.139747241951676 0.0715379415820468
-0.1425806203303716 0.0701262552159612
-0.14535696836213421 0.06868651928286955
-0.1480751755447716 0.06721930965794734
-0.15073415463165596 0.06572521320548046
-0.153332842066608 0.0642048275441273
-0.15587019840930527 0.0626587608078793
-0.1583452087510444 0.06108763140281535
-0.16075688312069114 0.05949206775974772
-0.16310425688065544 0.057872708082858056
-0.1653863911127338 0.05623020009442424
-0.1676023729936639 0.05456520077574009
-0.16975131616024186 0.05287837610433164
-0.17183236106385558 0.05117040078757497
-0.1738446753142928 0.04944195799282228
-0.175787454012686 0.04769373907414405
-0.17765992007346137 0.045926443295796635
-0.17946132453516256 0.044140777552525864
-0.18119094686002524 0.04233745608681861
-0.18284809522218273 0.040517200203215274
-0.184432106784387 0.03868073797979762
-0.1859423479631348 0.03682880397696723
-0.1873782146820926 0.034962138943631156
-0.188739132613719 0.03308148952091222
-0.19002455740898824 0.031187607943502522
-0.19123397491512242 0.029281251738779598
-0.1923669013812458 0.027363183423805573
-0.19342288365187865 0.025434170200330498
-0.1944014993481935 0.02349498364792188
-0.195302357036961 0.02154639941534315
-0.19612509638711795 0.01958919691030449
-0.19686938831389492 0.017624158987710154
-0.19753493511044584 0.015652071636526932
-0.1981214705669267 0.013673723665399052
-0.19862876007697597 0.01168990638713524
-0.199056600731554 0.009701413302194147
-0.199404821400104 0.007709039781294745
-0.19967328279900182 0.005713582747278645
-0.19986187754726772 0.003715840356351589
-0.19997053020951724 0.0017166116788316088
-0.19999919732613433 -0.00028330362046844566
-0.19994786743065468 -0.0022831056020961686
-0.19981656105435208 -0.004281994371924713
-0.19960533071802627 -0.0062791704010997755
-0.1993142609109953 -0.008273834845840475
-0.19894346805730082 -0.010265189866966219
-0.19849310046914015 -0.012252438949021728
-0.1979633382875433 -0.014234787218872606
-0.19735439341031907 -0.01621144176364399
-0.19666650940729857 -0.018181611947875122
-0.1958999614229107 -0.02014450972976301
-0.19505505606612794 -0.02209934997636861
-0.19413213128782694 -0.024045350777659572
-0.19313155624561262 -0.02598173375926379
-0.19205373115616 -0.027907724393808793
-0.190899087135133 -0.029822552310722356
-0.18966808602474383 -0.031725451604370465
-0.18836122020902224 -0.033615661140409356
-0.18697901241686857 -0.0354924248602291
-0.18552201551296907 -0.037354992083366956
-0.18399081227665745 -0.039202617807769576
-0.1823860151688109 -0.04103456300778387
-0.1807082660868739 -0.042850094929757394
-0.17895823610810782 -0.04464848738513009
-0.17713662522116894 -0.046429021040899986
-0.1752441620461223 -0.04819098370734682
-0.1732816035430035 -0.049933670622898434
-0.17124973470904464 -0.051656384736026
-0.169149368264686 -0.05335843698405533
-0.1669813443284986 -0.05503914656878278
-0.16474653008114806 -0.056697841228785434
-0.1624458194185339 -0.05833385750831671
-0.160080132594243 -0.05994654102267982
-0.15765041585146058 -0.06153524671997293
-0.1551576410444854 -0.06309933913910129
-0.15260280525000108 -0.06463819266395322
-0.14998693036825875 -0.06615119177363822
-0.1473110627143305 -0.06763773128868711
-0.14457627259959735 -0.06909721661311574
-0.14178365390363892 -0.07052906397225547
-0.13893432363669625 -0.07193270064625523
-0.13602942149288258 -0.07330756519916186
-0.13307010939432087 -0.07465310770348696
-0.13005757102639046 -0.07596878996017059
-0.12699301136426872 -0.07725408571385371
-0.12387765619095703 -0.0785084808633733
-0.12071275160698391 -0.07973147366739594
-0.11749956353198147 -0.08092257494510773
-0.11423937719833438 -0.08208130827188
-0.11093349663710408 -0.08320721016983289
-0.10758324415643378 -0.08429983029322027
-0.10418995981264276 -0.08535873160856207
-0.10075500087422176 -0.08638349056945178
-0.0972797412789437 -0.08737369728596947
-0.09376557108430685 -0.08832895568863218
-0.09021389591153034 -0.08924888368681651
-0.08662613638332452 -0.09013311332158973
-0.0830037275556607 -0.0909812909128885
-0.07934811834376798 -0.09179307720098609
-0.07566077094258644 -0.09256814748219186
-0.07194316024190868 -0.09330619173872831
-0.06819677323644353 -0.09400691476273411
-0.06442310843103807 -0.09467003627434327
-0.06062367524129559 -0.0952952910337934
-0.05679999338982952 -0.09588242894751804
-0.05295359229839465 -0.09643121516818076
-0.0490860104761388 -0.09694143018861097
-0.045198794904219707 -0.09741286992960385
-0.041293500417033155 -0.09784534582154933
-0.03737168908029997 -0.09823868487985737
-0.033434929566260554 -0.09859272977414958
-0.029484796526226913 -0.09890733889118918
-0.02552286996074312 -0.09918238639152445
-0.02155073458760617 -0.09941776225982285
-0.01756997920799999 -0.09961337234887564
-0.013582196070996158 -0.09976913841725554
-0.00958898023667549 -0.09988499816061226
-0.005591928938125295 -0.09996090523659339
-0.0015926409425674245 -0.09999682928338073
0.0024072840881272893 -0.09999275593183463
0.006406246237282458 -0.09994868681124142
0.01040264597336147 -0.09986463954866175
0.01439488478975878 -0.09974064776187998
0.01838136584418123 -0.09957676104595753
0.022360494597363677 -0.0993730449533955
0.026330679450863446 -0.09912958096791455
0.03029033238367847 -0.0988464664718625
0.03423786958743453 -0.09852381470726271
0.03817171209988746 -0.09816175473051873
0.04209028643648703 -0.09776043136079351
0.04599202521974976 -0.09732000512208365
0.049875367806188994 -0.09684065217901192
0.05373876091055154 -0.09632256426636378
0.05758065922711101 -0.09576594861239603
0.06139952604776952 -0.09517102785594825
0.06519383387672045 -0.09453803995739024
0.06896206504142639 -0.09386723810344108
0.0727027122996679 -0.09315889060589774
0.07641427944242035 -0.09241328079431402
0.0800952818923175 -0.09163070690267246
0.08374424729746274 -0.09081148195009472
0.08735971612035015 -0.08995593361563815
0.09094024222166007 -0.08906440410722849
0.09448439343869554 -0.08813725002478129
0.09799075215822828 -0.08717484221756668
0.10145791588352507 -0.0861775656358746
0.10488449779532776 -0.08514581917703987
0.10826912730656246 -0.08408001552588851
0.11161045061055613 -0.08298058098966934
0.11490713122254116 -0.0818479553275368
0.11815785051423146 -0.08068259157465307
0.12136130824125621 -0.07948495586098012
0.12451622306324026 -0.07825552722483389
0.12762133305632317 -0.07699479742127541
0.13067539621791202 -0.07570327072541527
0.13367719096346575 -0.07438146373071035
0.1366255166151128 -0.07302990514233328
0.13951919388190617 -0.07164913556569746
0.14235706533152415 -0.07023970729022208
0.14513799585322773 -0.06880218406842373
0.14786087311188983 -0.06733714089042289
0.15052460799291448 -0.06584516375395559
0.15312813503786815 -0.06432684942998207
0.15567041287064895 -0.06278280522398641
0.1581504246140231 -0.061213648733062405
0.16056717829636233 -0.05962000759888296
0.1629197072484193 -0.058002519256651806
0.1652070704899824 -0.05636183068013791
0.16742835310625523 -0.05469859812289459
0.16958266661381047 -0.05301348685576685
0.17166914931597121 -0.05130717090079191
0.1736869666474783 -0.04958033276159939
0.1756353115083052 -0.04783366315041894
0.1775134045864873 -0.04606786071180456
0.1793204946698363 -0.04428363174318612
0.1810558589464151 -0.04248168991235978
0.18271880329365284 -0.04066275597203039
0.18430866255598474 -0.03882755747152002
0.1858248008109055 -0.036976828465757956
0.18726661162332972 -0.03511130922166848
0.18863351828815794 -0.033231745922073994
0.18992497406095094 -0.03133889036723183
0.1911404623766202 -0.029433499674124182
0.1922794970560471 -0.027516335973621405
0.19334162250054815 -0.02558816610563982
0.19432641387410818 -0.023649761312415984
0.19523347727330925 -0.021701896930020077
0.19606244988488677 -0.019745352078231807
0.19681300013084985 -0.017780909348902897
0.1974848278011082 -0.015809354492930767
0.19807766417355208 -0.013831476105968663
0.1985912721215376 -0.011848065312997905
0.1990254462087342 -0.009859915451888445
0.1993800127712964 -0.007867821756074301
0.1996548299873272 -0.005872581036470781
0.19984978793360467 -0.0038749913627607467
0.19996480862955 -0.0018758517441773794
0.19999984606841859 0.0001240381900888582
0.19995488623570215 0.0021238785107312356
0.19982994711473437 0.004122869308287811
0.19962507867949772 0.006120211013094548
0.1993403628746346 0.008115104715102527
0.19897591358267058 0.010106752483431302
0.19853187657846283 0.012094357685530617
0.19800842947089226 0.014077125305822804
0.19740578163182218 0.016054262263698417
0.19672417411235246 0.01802497773073789
0.19596387954640226 0.019988483447032378
0.1951252020416601 0.021943994036477187
0.19420847705794478 0.02389072732091176
0.1932140712730261 0.0258279046329805
0.19214238243595844 0.027754751127589346
0.19099383920798657 0.029670496091833462
0.18976890099108681 0.03157437325327213
0.18846805774421238 0.033465621086427505
0.1870918297873164 0.03534348311738465
0.18564076759323073 0.03720720822637104
0.1841154515674843 0.0390560509481944
0.18251649181614857 0.0408892717704189
0.18084452790180325 0.04270613742916023
0.17910022858771982 0.044505921202381414
0.17728429157036507 0.046287903200571884
0.17539744320033193 0.048051370654693726
0.17344043819180882 0.04979561820127978
0.17141405932070405 0.051519948164569604
0.16931911711154596 0.0532236708355705
0.16715644951328384 0.054906104747931915
0.16492692156411956 0.056566576950522855
0.16263142504550385 0.05820442327660342
0.1602708781254355 0.05981898860948259
0.1578462249912066 0.06140962714455622
0.15535843547174 0.06297570264762023
0.1528085046496708 0.06451658870935581
0.15019745246332655 0.0660316689958848
0.1475263232987655 0.06752033749529504
0.14479618557203608 0.06898199876003702
0.1420081313018248 0.07041606814509499
0.13916327567266323 0.07182197204183714
0.13626275658886916 0.07319914810745144
0.13330773421939998 0.07454704548987524
0.13029939053380063 0.07586512504812876
0.12723892882943144 0.07715285956796428
0.12412757325016535 0.07840973397274484
0.12096656829674661 0.079635245529468
0.11775717832900708 0.08082890404985235
0.11450068706013916 0.08199023208640625
0.11119839704322769 0.08311876512340054
0.107851629150246 0.08421405176266854
0.10446172204372477 0.08527565390415938
0.10103003164130488 0.08630314692117212
0.0975579305733884 0.08729611983020082
0.09404680763410476 0.08825417545532241
0.09049806722581165 0.0891769305870618
0.08691312879735269 0.09006401613567055
0.08329342627629695 0.09091507727875786
0.07964040749538696 0.09172977360321474
0.07595553361342496 0.0925077792413748
0.07224027853082882 0.09324878300135689
0.06849612830009157 0.09395248849153777
0.06472458053138021 0.09461861423910477
0.06092714379351158 0.09524689380264116
0.057105337010544995 0.09583707587869918
0.05326068885423284 0.09638892440231805
0.04939473713257227 0.09690221864144685
0.0455090281747025 0.09737675328523432
0.0416051162123938 0.09781233852615054
0.03768456275837548 0.09820880013590737
0.033748935981751625 0.09856597953514744
0.02979981008075438 0.0988837338568738
0.025838764653085627 0.0991619360035948
0.021867384064098994 0.0994004746981614
0.017887256813074806 0.09959925452827655
0.013899974897841583 0.09975819598465879
0.009907133177998122 0.09987723549284498
0.005910328736990924 0.09995632543861918
0.00191116024330212 0.09999543418705771
-0.002088772688996615 0.09999454609518271
-0.006087870140068355 0.09995366151821915
-0.010084532524257526 0.09987279680945266
-0.01407716122990284 0.09975198431368852
-0.018064159258760638 0.09959127235431414
-0.0220439318647829 0.09939072521397033
-0.0260148871919944 0.09915042310883912
-0.029975436911213856 0.09887046215655836
-0.033923996855364444 0.09855095433777593
-0.037858987653119486 0.09819202745135899
-0.041778835360629936 0.09779382506327615
-0.04568197209108092 0.09735650644917293
-0.049566836641825575 0.09688024653066372
-0.05343187511884526 0.0963652358053654
-0.05727554155828646 0.09581168027070086
-0.06109629854482572 0.09521980134150276
-0.06489261782661528 0.09458983576145058
-0.0686629809265634 0.09392203550837626
-0.07240587974970498 0.09321666769347647
-0.07611981718641946 0.09247401445447168
-0.07980330771125461 0.0916943728427548
-0.08345487797711702 0.09087805470457468
-0.08707306740459123 0.0900253865563016
-0.090656428766152 0.08913670945382528
-0.0942035287650361 0.0882123788561369
-0.09771294860854181 0.08725276448315035
-0.10118328457552715 0.08625825016781914
-0.1046131485778796 0.08522923370260836
-0.1080011687157328 0.084166126680383
-0.11134598982620829 0.08306935432977625
-0.11464627402546249 0.08193935534510378
-0.11790070124382244 0.08077658171089186
-0.12110796975379613 0.07958149852108949
-0.12426679669074603 0.07835458379303714
-0.1273759185660179 0.0770963282762661
-0.1304340917723194 0.07580723525620524
-0.1334400930811464 0.07448782035287355
-0.13639272013205814 0.07313861131463903
-0.13929079191360524 0.07176014780712635
-0.1421331492357187 0.07035298119735779
-0.14491865519337035 0.06891767433321383
-0.14764619562131973 0.06745480131830144
-0.1503146795397653 0.06596494728232033
-0.15292303959072193 0.06444870814701889
-0.15547023246494973 0.06290669038783338
-0.15795523931926392 0.061339510791305896
-0.16037706618405845 0.059747796208377946
-0.16273474436088065 0.05813218330365845
-0.16502733080989762 0.05649331830076637
-0.1672539085270997 0.0548318567238499
-0.16941358691108974 0.05314846313538553
-0.17150550211931181 0.051443810870361914
-0.17352881741357679 0.04971858176695487
-0.17548272349474633 0.0479734658938012
-0.17736643882644187 0.04620916127398041
-0.17917920994764866 0.04442637360581483
-0.18092031177409018 0.042625815980599634
-0.18258904788825214 0.040808208597375904
-0.18418475081794025 0.038974278474860555
-0.18570678230326015 0.037124759160648585
-0.1871545335519129 0.03526039043780378
-0.1885274254827037 0.0333819180289554
-0.1898249089571668 0.03149009329801901
-0.1910464649992134 0.029585672949660996
-0.19219160500271523 0.02766941872662675
-0.19325987092694052 0.02574209710505373
-0.19425083547976416 0.02380447898789125
-0.19516410228857878 0.02185733939654954
-0.19599930605883867 0.019901457160901564
-0.19675611272017257 0.017937614607761415
-0.19743421956000745 0.015966597247964048
-0.19803335534464947 0.013989193462171402
-0.19855328042777387 0.01200619418553066
-0.19899378684628025 0.010018392591310727
-0.19935469840347508 0.00802658377364351
-0.19963587073954805 0.006031564429496859
-0.19983719138931402 0.004034132540006402
-0.19995857982719759 0.0020350870512937367
-0.19999998749944228 3.522755489863364e-05
-0.19996139784353145 -0.001964646032046919
-0.19984282629481295 -0.003963733786774902
-0.19964432028032528 -0.005961236100839705
-0.19936595919982736 -0.007956353999950844
-0.19900785439403976 -0.00994828946355202
-0.1985701491001098 -0.011936245744018708
-0.1980530183943187 -0.013919427685346573
-0.19745666912205323 -0.015897042041203277
-0.1967813398150706 -0.017868297792216433
-0.19602730059608864 -0.019832406462370805
-0.1951948530707405 -0.021788582434388196
-0.19428433020693633 -0.023736043263963894
-0.19329609620168062 -0.025674009992733948
-0.1922305463353982 -0.02760170745984814
-0.1910881068138274 -0.02951836461202398
-0.18986923459754335 -0.031423214811957735
-0.18857441721917992 -0.03331549614496914
-0.18720417258842315 -0.035194451723757104
-0.18575904878485425 -0.037059329991144536
-0.18423962383872514 -0.038909385020691196
-0.18264650549975395 -0.040743876815054314
-0.18098033099403338 -0.04256207160197769
-0.1792417667691486 -0.044363242127790775
-0.17743150822760725 -0.04614666794830047
-0.17555027944868762 -0.04791163571695918
-0.1735988328988166 -0.04965743947019394
-0.17157794913059324 -0.051383380909782395
-0.1694884364705779 -0.05308876968216282
-0.16733113069597266 -0.05477292365456632
-0.16510689470032144 -0.056435169187860824
-0.16281661814836407 -0.05807484140599779
-0.16046121712018235 -0.05969128446195374
-0.15804163374478017 -0.061283851800060324
-0.15555883582324448 -0.06285190641461796
-0.15301381644163778 -0.06439482110468965
-0.15040759357377692 -0.06591197872497294
-0.14774120967405713 -0.06740277243264986
-0.1450157312604842 -0.06886660593011594
-0.1422322484880815 -0.0703028937034913
-0.13939187471284242 -0.07171106125681838
-0.13649574604640297 -0.0730905453418527
-0.13354502090161213 -0.07444079418335464
-0.13054087952918225 -0.07576126769979212
-0.12748452354560447 -0.07705143771936608
-0.12437717545251811 -0.07831078819127214
-0.12122007814772641 -0.07953881539211402
-0.11801449442805387 -0.0807350281273862
-0.11476170648424444 -0.08189894792794516
-0.1114630153881023 -0.08303010924139069
-0.10811974057208046 -0.08412805961828057
-0.1047332193015254 -0.0851923598931044
-0.10130480613978876 -0.0862225843599439
-0.09783587240642005 -0.0872183209427496
-0.09432780562865711 -0.08817917136016579
-0.09078200898643375 -0.08910475128483772
-0.08719990075112644 -0.08999469049713744
-0.0835829137182647 -0.09084863303324672
-0.07993249463443203 -0.0916662373275378
-0.07625010361858647 -0.09244717634919511
-0.07253721357803257 -0.09319113773302323
-0.06879530961927807 -0.09389782390438882
-0.06502588845401114 -0.09456695219824647
-0.061230457800435595 -0.09519825497220098
-0.05741053578020378 -0.09579147971356074
-0.05356765031118812 -0.09634638914033941
-0.04970333849633435 -0.09686276129616561
-0.045819146008840836 -0.09734038963906247
-0.04191662647390991 -0.09777908312406165
-0.037997340847318505 -0.09817866627961884
-0.03406285679105664 -0.09853897927779998
-0.03011474804628355 -0.09885987799821032
-0.026154593803852197 -0.09914123408564067
-0.022183978072653987 -0.09938293500140775
-0.01820448904603634 -0.0995848840683682
-0.014217718466546514 -0.09974700050958808
-0.01022526098925583 -0.09986921948065265
-0.006228713543918895 -0.09995149209560322
-0.0022296746962229943 -0.09999378544649087
0.0017702559916168634 -0.09999608261653925
0.0057694786006615055 -0.09995838268691098
0.009766393495193837 -0.09988070073707528
0.0137594019625518 -0.09976306783877625
0.017746906852592115 -0.09960553104360474
0.02172731321652905 -0.09940815336417821
0.025699028944892656 -0.09917101374893658
0.029660465404351338 -0.09889420705056393
0.03361003807314399 -0.09857784398804861
0.0375461671748676 -0.09822205110239723
0.04146727831036669 -0.09782697070601987
0.045371803087472046 -0.097392760825807
0.04925817974833665 -0.09691959513992092
0.05312485379411798 -0.0964076629083267
0.056970278606756825 -0.0958571688970908
0.060792916067603904 -0.09526833329647734
0.0645912371726468 -0.09464139163287494
0.06836372264409116 -0.09397659467458928
0.0721088635380516 -0.09327420833153918
0.0758251618481091 -0.09253451354889611
0.07951113110449361 -0.0917578061947099
0.08316529696865213 -0.09094439694156546
0.08678619782296448 -0.09009461114231791
0.09037238535537089 -0.08920878869995576
0.0939224251386774 -0.08828728393164421
0.09743489720430779 -0.0873304654270031
0.10090839661027189 -0.08633871590067585
0.10434153400312378 -0.08531243203924885
0.10773293617368457 -0.08425202434258197
0.11108124660630778 -0.08315791695961422
0.1143851260214675 -0.08203054751870974
0.11764325291145239 -0.08087036695261232
0.12085432406895107 -0.07967783931807833
0.12401705510831772 -0.07845344161026017
0.1271301809793092 -0.07719766357191463
0.13019245647308827 -0.07591100749751223
0.13320265672029052 -0.07459398803232621
0.1361595776809558 -0.07324713196658124
0.13906203662612812 -0.07187097802474436
0.14190887261093152 -0.0704660766500424
0.14469894693893245 -0.069032989784292
0.14743114361760323 -0.06757229064313038
0.15010436980470418 -0.06608456348673673
0.15271755624540587 -0.06457040338613597
0.15526965769997692 -0.06303041598517821
0.15775965336186581 -0.06146521725828931
0.16018654726601 -0.059875433264089346
0.16254936868720865 -0.058261699894977495
0.16484717252839973 -0.05662466262278354
0.1670790396986862 -0.05496497624058776
0.16924407748096026 -0.05328330460081242
0.17134141988897816 -0.05158032034968967
0.17337022801374316 -0.049856704658212014
0.175329690359058 -0.04811314694967298
0.1772190231661125 -0.04635034462390702
0.1790374707269767 -0.044569002778338855
0.18078430568687393 -0.042769833925953925
0.18245882933511295 -0.04095355771030268
0.184060371884563 -0.03912090061765276
0.1855882927395597 -0.037272595686404196
0.18704198075213474 -0.03540938221388378
0.18842085446646697 -0.03353200546063604
0.18972436235145693 -0.03164121635232892
0.19095198302133193 -0.029737771179393566
0.19210322544419348 -0.02782243129451819
0.19317762913842343 -0.02589596280811719
0.19417476435687048 -0.023959136281897175
0.19509423225874334 -0.02201272642064257
0.19593566506914173 -0.02005751176234402
0.19669872622616139 -0.018094274366793592
0.19738311051551444 -0.016123799502771267
0.19798854419261092 -0.014146875333947909
0.19851478509205306 -0.012164292603630307
0.19896162272449816 -0.010176844318474397
0.19932887836085153 -0.008185325431293166
0.19961640510375578 -0.0061905325230861355
0.1998240879463478 -0.00419326348441758
0.19995184381825984 -0.0021943171962709395
0.1999996216188468 -0.00019449321050708053
0.19996740223762555 0.0018054085699457881
0.19985519856191905 0.00380458821104262
0.19966305547170152 0.005802246067584482
0.19939104982164702 0.007797583103065973
0.19903929041038865 0.00978980120927917
0.19860791793700056 0.011778103525546268
0.19809710494472016 0.01376169475745323
0.19750705575193314 0.015739781494956945
0.19683800637044885 0.01771157252973866
0.19609022441109866 0.01967627917167677
0.19526400897669532 0.021633115564312345
0.1943596905423957 0.02358129899918122
0.19337763082351525 0.025520050228886974
0.19231822263084655 0.027448593778789467
0.19118188971354036 0.02936615825718438
0.18996908658961156 0.03127197666384959
0.188680298364138 0.03316528669683506
0.18731604053522494 0.035045331057373404
0.1858768587878127 0.036911357752789364
0.18436332877540998 0.03876262039728679
0.18277605588984 0.040598378510493055
0.18111567501909204 0.04241789781364129
0.17938285029337456 0.04422045052327212
0.17757827481947205 0.046005315642337355
0.17570267040351153 0.04777177924858916
0.17375678726224975 0.04951913478013949
0.17174140372299637 0.051246683318075345
0.16965732591229363 0.0529537338660171
0.1675053874334763 0.054639603626507785
0.16528644903324152 0.05630361827412298
0.16300139825736168 0.057945112225192004
0.1606511490956778 0.05956342890402249
0.15823664161651582 0.06115792100552193
0.15575884159067194 0.06272795075411104
0.153218740105117 0.06427289015882555
0.15061735316657496 0.06579212126450415
0.14795572129513387 0.06728503639896236
0.14523490910805156 0.06875103841605328
0.142456004893923 0.0701895409345181
0.13962012017737935 0.07159996857253077
0.13672838927449296 0.07298175717784307
0.13378196883906607 0.07433435405343795
0.13078203739998467 0.07565721817860106
0.1277297948898227 0.07694982042532171
0.12462646216488496 0.07821164376993708
0.12147328051688097 0.07944218349993479
0.11827151117642475 0.08064094741583115
0.11502243480855939 0.08180745602804443
0.11172735100050821 0.08294124274868425
0.10838757774185707 0.08404185407818054
0.10500445089737621 0.08510884978667735
0.10157932367269208 0.08614180309011885
0.09811356607302318 0.08714030082095732
0.09460856435519625 0.08810394359341465
0.09106572047316197 0.08903234596323133
0.08748645151723212 0.08992513658183895
0.08387218914726235 0.0907819583448948
0.08022437902000729 0.09160246853511873
0.07654448021087716 0.09238633895937556
0.07283396463032706 0.09313325607994791
0.06909431643511238 0.09384292113994715
0.06532703143464595 0.09451505028281214
0.06153361649269417 0.09514937466584808
0.05771558892465159 0.09574564056776003
0.05387447589063503 0.09630360949013798
0.05001181378463986 0.0968230582528531
0.04612914762000291 0.0973037790833268
0.04222803041141771 0.09774557969963694
0.03831002255374935 0.09814828338742812
0.034376691197897324 0.09851172907059498
0.030429609623956074 0.09883577137571056
0.026470356611923925 0.0991202806901737
0.022500515810212143 0.09936514321405236
0.018521675102206682 0.09957026100560208
0.014535425971136006 0.09973555202044136
0.01054336286349902 0.09986095014436833
0.0065470825513077235 0.09994640521980554
0.00254818349339971 0.09999188306586232
-0.0014517348039240641 0.0999973654920067
-0.005451072426680467 0.09996285030534137
-0.009448229693148454 0.09988835131148079
-0.013441607793720424 0.09977389830902915
-0.017429609430404742 0.09961953707766133
-0.021410639455723635 0.09942532935981162
-0.025383105510750924 0.09919135283597759
-0.029345418662034353 0.0989177010936489
-0.03329599403714778 0.09860448358987361
-0.03723325145861901 0.09825182560747675
-0.04115561607597975 0.09785986820494888
-0.04506151899568474 0.0974287681600246
-0.04894939790864829 0.09695869790697353
-0.05281769771514706 0.09644984546762891
-0.05666487114683926 0.09590241437618137
-0.060489379385651285 0.09531662359776794
-0.06428969267928447 0.09469270744088895
-0.06806429095309562 0.09403091546368776
-0.07181166441810655 0.0933315123741308
-0.0755303141748996 0.09259477792412794
-0.07921875281315736 0.09182100679763543
-0.08287550500660704 0.09101050849278625
-0.08649910810313122 0.09016360719809502
-0.09008811270980925 0.08928064166278687
-0.09364108327265508 0.08836196506130231
-0.0971565986508197 0.08740794485203211
-0.10063325268502854 0.08641896263033891
-0.10406965476002643 0.0853954139759241
-0.10746443036080515 0.08433770829460124
-0.11081622162239112 0.08324626865453924
-0.11412368787297328 0.08212153161704062
-0.11738550617015392 0.08096394706192295
-0.12060037183010802 0.07977397800757279
-0.12376699894943938 0.07855210042574459
-0.1268841209195248 0.07729880305117835
-0.1299504909331407 0.07601458718611216
-0.13296488248316934 0.07469996649976807
-0.13592608985318533 0.07335546682289118
-0.13883292859972607 0.07198162593742442
-0.14168423602605346 0.07057899336140291
-0.14447887164721698 0.06914813012915408
-0.1472157176462325 0.06768960856689138
-0.14989367932119418 0.06620401206379149
-0.15251168552314062 0.06469193483864642
-0.1550686890845002 0.06315398170218386
-0.15756366723794404 0.06159076781515103
-0.15999562202547943 0.0600029184422585
-0.16236358069761964 0.05839106870208273
-0.16466659610247075 0.05675586331302704
-0.1669037470645798 0.055097956335442885
-0.1690741387533927 0.05341801091001442
-0.17117690304117442 0.051716698992511065
-0.17321119885024866 0.04999470108501417
-0.17517621248941762 0.04825270596372526
-0.1770711579794276 0.0464914104034647
-0.17889527736735028 0.044711518898971125
-0.1806478410297538 0.042913743383112865
-0.18232814796454228 0.04109880294212435
-0.18393552607134747 0.03926742352798116
-0.18546933242035987 0.03742033766802896
-0.18692895350949207 0.03555828417198229
-0.18831380550977136 0.033682007836410545
-0.18962333449886365 0.031792259146829274
-0.19085701668263488 0.029889793977516
-0.19201435860466184 0.027975373289170564
-0.19309489734360802 0.026049762824541002
-0.19409820069838604 0.02411373280213666
-0.19502386736103236 0.02216805760815106
-0.19587152707722502 0.02021351548671773
-0.1966408407943805 0.018250888228622957
-0.1973315007972702 0.01628096085859988
-0.19794323083110243 0.014304521321329061
-0.19847578621202072 0.012322360166271133
-0.19892895392497395 0.010335270231457548
-0.19930255270891967 0.008344046326365935
-0.199596433129326 0.006349484914006913
-0.19981047763794355 0.004352383792349503
-0.199944600619823 0.002353541775212582
-0.19999874842756013 0.00035375837275000103
-0.19997289940275395 -0.0016461665283428093
-0.19986706388466977 -0.0036454329847728554
-0.19968128420610365 -0.005643241316616228
-0.19941563467644985 -0.0076387924271794135
-0.1990702215519781 -0.009631288122627308
-0.19864518299333242 -0.011619931431250115
-0.1981406890102688 -0.013603926922241404
-0.19755694139365348 -0.015582481023859816
-0.19689417363474937 -0.01755480234084719
-0.1961526508318226 -0.019520101970976107
-0.19533266958410678 -0.02147759382060026
-0.19443455787316727 -0.023426494919081445
-0.19345867493171287 -0.02536602573196735
-0.1924054110999076 -0.027295410472794972
-0.19127518766923982 -0.029213877413394825
-0.1900684567140112 -0.031120659192571946
-0.18878570091051308 -0.033014993123040126
-0.18742743334396236 -0.03489612149648666
-0.18599419730327432 -0.036763291886645566
-0.1844865660637542 -0.03861575745025806
-0.18290514265779476 -0.04045277722579989
-0.18125055963367143 -0.04227361642985609
-0.17952347880253133 -0.044077546751024516
-0.1777245909736777 -0.045863846641230735
-0.1758546156782554 -0.047631801604337595
-0.17391430088144794 -0.04938070448193417
-0.17190442268330158 -0.0511098557361897
-0.16982578500829545 -0.052818563729659394
-0.1676792192837826 -0.05450614500193017
-0.1654655841074301 -0.05617192454299572
-0.16318576490379144 -0.057815236063251514
-0.16084067357014856 -0.05943542226000175
-0.15843124811176498 -0.061031835080371674
-0.1559584522666963 -0.06260383598052008
-0.1534232751203078 -0.06415079618104834
-0.15082673070965344 -0.06567209691850377
-0.14816985761787468 -0.06716712969287678
-0.14545371855878095 -0.06863529651099273
-0.1426793999517783 -0.07007601012570128
-0.13984801148731624 -0.07148869427076736
-0.13696068568302622 -0.07287278389137
-0.13401857743072976 -0.07422772537011676
-0.1310228635344971 -0.07555297674848326
-0.1279747422399413 -0.07684800794358936
-0.12487543275493586 -0.07811230096022527
-0.12172617476194797 -0.07934535009804275
-0.11852822792218197 -0.08054666215382844
-0.11528287137173165 -0.08171575661877863
-0.11199140320994296 -0.08285216587069631
-0.10865513998019145 -0.0839554353610339
-0.10527541614328262 -0.08502512379670653
-0.10185358354368526 -0.08606080331660342
-0.09839101086881179 -0.0870620596627266
-0.09488908310156147 -0.08802849234588866
-0.09134920096634574 -0.08895971480590298
-0.08777278036881718 -0.08985535456620271
-0.08416125182952602 -0.09071505338282643
-0.0805160599117311 -0.09153846738771093
-0.07683866264359375 -0.09232526722623388
-0.07313053093498603 -0.09307513818895126
-0.06939314798914636 -0.09378778033747696
-0.06562800870941801 -0.09446290862445414
-0.06183661910130769 -0.09510025300757034
-0.05802049567010342 -0.09569955855757085
-0.05418116481429269 -0.09626058556022699
-0.05032016221502335 -0.09678310961221856
-0.046439032221851646 -0.09726692171089227
-0.04253932723502303 -0.09771182833785994
-0.03862260708453271 -0.0981176515364033
-0.03469043840621448 -0.0984842289826543
-0.030744394015107278 -0.0988114140505225
-0.026786052276350118 -0.09909907587034356
-0.02281699647385711 -0.09934709938122531
-0.018838814177024984 -0.09955538537707065
-0.01485309660572652 -0.0997238505462586
-0.010861437993843799 -0.09985242750496788
-0.006865434951595914 -0.09994106482412951
-0.0028666858269161787 -0.09998972704999777
0.0011332099338657439 -0.09999839471833123
0.005132652425781037 -0.09996706436217816
0.00913004192516239 -0.09989574851326329
0.013123779529512134 -0.09978447569697528
0.017112267797041916 -0.09963329042095695
0.021093911385628113 -0.0994422531573028
0.025067117690927423 -0.09921144031837101
0.029030297483397347 -0.09894094422621945
0.03298186554396682 -0.09863087307567818
0.03692024129810272 -0.09828135089107289
0.04084384944801858 -0.09789251747661684
0.04475112060277271 -0.09746452836049108
0.04864049190600364 -0.09699755473263517
0.05251040766105184 -0.09649178337627358
0.05635931995321762 -0.0959474165932048
0.06018568926890639 -0.0953646721228834
0.06398798511141354 -0.09474378305532709
0.06776468661310277 -0.09408499773788385
0.07151428314373277 -0.09338857967589631
0.0752352749146893 -0.0926548074273031
0.07892617357888052 -0.0918839744912194
0.08258550282605603 -0.09107638919054124
0.08621179897331131 -0.09023237454862039
0.08980361155054133 -0.08935226816005937
0.09335950388060925 -0.0884364220556781
0.09687805365399813 -0.08748520256170628
0.10035785349771577 -0.08649899015325774
0.10379751153822515 -0.08547817930214553
0.10719565195817526 -0.0844231783190984
0.11055091554670973 -0.083334409190442
0.113861960243133 -0.0822123074093099
0.11712746167371674 -0.08105732180145225
0.1203461136814317 -0.07986991434571139
0.12351662884839303 -0.07865055998923648
0.12663773901081035 -0.077399746457511
0.12970819576623632 -0.07611797405926905
0.132726770972911 -0.07480575548637851
0.13569225724100206 -0.07346361560877114
0.1386034684155448 -0.07209209126450163
0.14145924005088817 -0.0706917310450195
0.1442584298764576 -0.06926309507573986
0.1469999182536479 -0.06780675479200068
0.14968260862366387 -0.06632329271049633
0.15230542794612914 -0.06481330219627864
0.15486732712828805 -0.06327738722541873
0.15736728144462872 -0.06171616214342476
0.1598042909467596 -0.06013025141951184
0.16217738086337555 -0.05852028939682265
0.16448560199015325 -0.0568869200386987
0.1667280310694204 -0.05523079667110355
0.1689037711594464 -0.05355258172130115
0.17101195199320712 -0.05185294645289375
0.17305173032648002 -0.0501325706973254
0.17502229027513075 -0.04839214258195849
0.17692284364145577 -0.046632358254831925
0.17875263022945104 -0.04485392160621122
0.18051091814888018 -0.043057543987041764
0.1821970041080209 -0.04124394392441795
0.18381021369497225 -0.03941384683418189
0.1853499016474104 -0.03756798473076678
0.18681545211068498 -0.03570709593440085
0.18820627888415273 -0.03383192477578917
0.18952182565564993 -0.031943221298391236
0.19076156622400983 -0.030041740958413637
0.19192500470953613 -0.02812824432263761
0.19301167575234823 -0.026203496764202493
0.194021144698519 -0.02426826815646665
0.19495300777393051 -0.02232333256506842
0.19580689224577835 -0.020369467938310168
0.1965824565716597 -0.01840745579598934
0.19727939053618587 -0.016438080916800966
0.19789741537506417 -0.014462131024436643
0.19843628388659998 -0.01248039647250557
0.1988957805305742 -0.010493669928403638
0.19927572151445627 -0.008502746056257036
0.19957595486691898 -0.006508421199067205
0.1997963604986248 -0.004511493060184254
0.19993685025026 -0.0025127603842362554
0.19999736792779738 -0.0005130226376420443
0.19997788932497293 0.0014869203111646887
0.19987842223296812 0.003486268511672104
0.1996990064372935 0.005484222251259752
0.19943971370187502 0.007479982375072958
0.1991006477403495 0.009472750605674108
0.1986819441745804 0.011461729862342979
0.19818377048041103 0.013446124579898397
0.19760632592067637 0.015425141026913705
0.1969498414655006 0.017397987623198746
0.19621457969991216 0.019363875256421387
0.1954008347188132 0.021322017597741924
0.19450893200934558 0.023271631416334145
0.19353922832070033 0.025211936892667205
0.19249211152142273 0.02714215793042304
0.19136800044427008 0.029061522466924554
0.19016734471868416 0.03096926278195039
0.18889062459094547 0.03286461580481278
0.18753835073208108 0.03474682341957565
0.18611106403360309 0.03661513276829088
0.1846093353911592 0.038468796552131444
0.18303376547618208 0.040307073330300994
0.1813849844956288 0.04212922781660026
0.17966365193990638 0.04393453117353175
0.1778704563190846 0.04572226130382502
0.17600611488750098 0.04749170313926596
0.17407137335686865 0.04924214892671455
0.17206700559800164 0.05097289851119665
0.16999381333127692 0.052683259615956685
0.16785262580595678 0.054372548119359106
0.16564429946850037 0.056040088328527915
0.16336971761999644 0.05768521324961482
0.16102979006285464 0.05930726485458787
0.15862545273689677 0.06090559434443389
0.1561576673449933 0.06247956240866944
0.15362742096839507 0.0640285394810565
0.1510357256719139 0.06555190599142052
0.14838361809911016 0.0670490526134703
0.14567215905764927 0.06851938050852033
0.14290243309499268 0.06996230156501829
0.14007554806459335 0.07137723863378183
0.13719263468276918 0.07276362575885055
0.13425484607643154 0.07412090840386086
0.13126335732184988 0.07544854367385308
0.1282193649746369 0.07674600053242221
0.12512408659114227 0.07801276001412545
0.1219787602414463 0.07924831543206139
0.11878464401414844 0.08045217258053805
0.11554301551314859 0.08162384993274857
0.1122551713466226 0.08276287883337549
0.1089224266083963 0.08386880368604667
0.10554611435192542 0.08494118213556771
0.10212758505709212 0.08597958524485817
0.09866820609003092 0.08698359766652065
0.09516936115620057 0.08795281780897425
0.09163244974692027 0.08888685799708582
0.08805888657959177 0.08978534462723482
0.08445010103183137 0.09064791831674987
0.08080753656973787 0.09147423404765694
0.07713265017052534 0.09226396130468197
0.07342691173975177 0.09301678420745257
0.06969180352337635 0.093732401636846
0.06592881951488089 0.09441052735543272
0.062139464857692346 0.09505089012196762
0.058325255243145524 0.09565323379988284
0.054487716304226746 0.09621731745973905
0.050628383005341004 0.09674291547559395
0.046748799028346666 0.09722981761524968
0.04285051615510331 0.09767782912434286
0.03893509364677968 0.09808677080424379
0.03500409762017001 0.09845647908373344
0.03105910042126818 0.09878680608442984
0.027101679996350294 0.0990776196799374
0.023133419260817207 0.09932880354869572
0.01915590546604947 0.09954025722050668
0.015170729564527953 0.09971189611672114
0.011179485573474042 0.09984365158406934
0.007183769937264034 0.09993547092212123
0.003185180888872657 0.09998731740436595
-0.0008146821893988045 0.09999917029290199
-0.004814219405654105 0.09997102484673202
-0.008811830998337461 0.09990289232365925
-0.01280591797611684 0.09979479997578442
-0.016794882757459176 0.09964679103860541
-0.020777129809641682 0.09945892471372354
-0.02475106628694366 0.09923127614516375
-0.02871510266776354 0.09896393638931798
-0.03266765339040635 0.09865701237852384
-0.036607137487287236 0.09831062687829308
-0.04053197921729741 0.09792491843820705
-0.044440608696079596 0.0975000413364987
-0.048331462523960825 0.09703616551834335
-0.05220298441129147 0.09653347652788286
-0.056053625800940345 0.09599217543401048
-0.05988184648769693 0.09541247874994598
-0.06368611523433287 0.0947946183466332
-0.06746491038407651 0.09413884135999483
-0.07121672046925526 0.09344541009208127
-0.07494004481586254 0.09271460190615334
-0.07863339414380738 0.09194670911574071
-0.08229529116260656 0.0911420388677203
-0.08592427116228114 0.09030091301946173
-0.08951888259922092 0.08942366801008855
-0.09307768767678247 0.08851065472590718
-0.09659926292038871 0.08756223836005698
-0.1000821997468997 0.08657879826643795
-0.10352510502802713 0.08556072780797415
-0.10692660164756704 0.08450843419927383
-0.11028532905222796 0.08342233834374896
-0.11359994379583409 0.08230287466525955
-0.11686912007668582 0.08115049093434985
-0.12009155026786278 0.07996564808914612
-0.12326594544025715 0.0787488200509875
-0.1263910358781281 0.07750049353486382
-0.1294655715869712 0.07622116785473611
-0.13248832279349945 0.07491135472381763
-0.13545808043753635 0.07357157804989543
-0.13837365665562373 0.07220237372577423
-0.14123388525615135 0.07080428941492643
-0.14403762218581798 0.06937788433243404
-0.14678374598723742 0.06792372902131005
-0.14947115824750662 0.06644240512428894
-0.15209878403755606 0.06493450515117721
-0.15466557234210712 0.06340063224185748
-0.15717049648006418 0.06184139992504048
-0.15961255451517328 0.06025743187286182
-0.1619907696567834 0.0586493616514214
-0.16430419065054963 0.05701783246736546
-0.16655189215892216 0.05536349691061248
-0.16873297513126906 0.05368701669332589
-0.17084656716348448 0.051989062385238066
-0.17289182284693871 0.050270313145431365
-0.17486792410663035 0.04853145645068355
-0.17677408052840532 0.04677318782048622
-0.1786095296751121 0.044996210538846344
-0.18037353739156636 0.043201235372981976
-0.18206539809820324 0.04138898028902488
-0.18368443507329982 0.039560170164843644
-0.1852300007236547 0.0377155365001022
-0.18670147684361674 0.03585581712366969
-0.18809827486235897 0.0339817558984988
-0.18941983607929921 0.03209410242409046
-0.19066563188757274 0.030193611736664048
-0.19183516398546804 0.02828104400715299
-0.19292796457574082 0.0263571642371465
-0.19394359655272667 0.02442274195289914
-0.19488165367717752 0.02247855089753061
-0.19574176073875194 0.020525368721538786
-0.19652357370609422 0.01856397667174991
-0.19722677986444237 0.016595159278830266
-0.19785109794070982 0.014619704043484382
-0.19839627821599093 0.012638401121465241
-0.1988621026254452 0.010652043007522524
-0.19924838484552035 0.008661424218415271
-0.19955497036847916 0.006667340975115776
-0.19978173656420065 0.004670590884331813
-0.1999285927292303 0.002671972619474589
-0.1999954801230604 0.000672285601200028
-0.19998237199162539 -0.00132767032234883
-0.19988927357800312 -0.0033270951954704215
-0.19971622212031773 -0.0053251892748762755
-0.19946328683684483 -0.007321153349577659
-0.1991305688983252 -0.009314189060559322
-0.1987182013874978 -0.011303499220112458
-0.1982263492458684 -0.01328828813069915
-0.19765520920773527 -0.015267761903220784
-0.19700500972149804 -0.0172411287745631
-0.19627601085828134 -0.01920759942429088
-0.19546850420790993 -0.02116638729036559
-0.1945828127622765 -0.02311670888375973
-0.19361929078614945 -0.025057784101841958
-0.19257832367547142 -0.026988836540407787
-0.1914603278032063 -0.02890909380423088
-0.19026575035279542 -0.030817787816010852
-0.18899506913929026 -0.032714155123593956
-0.18764879241823276 -0.03459743720534375
-0.18622745868235988 -0.03646688077353964
-0.1847316364462136 -0.03832173807568195
-0.18316192401874284 -0.0401612671935829
-0.1815189492639878 -0.04198473234012405
-0.1798033693499426 -0.043791404153561274
-0.17801587048569703 -0.045580559989259785
-0.17615716764696193 -0.047351484208742314
-0.17422800429008853 -0.04910346846593498
-0.17222915205469572 -0.05083581199049628
-0.1701614104550246 -0.052547821868115845
-0.16802560656014334 -0.05423881331767098
-0.1658225946631307 -0.055908109965129925
-0.1635532559393701 -0.0575550441140925
-0.1612184980940912 -0.05917895701285972
-0.1588192549993 -0.06077919911792571
-0.15635648632024246 -0.06235513035378645
-0.15383117713155114 -0.06390612036896144
-0.15124433752322855 -0.06543154878812588
-0.14859700219662456 -0.06693080546025251
-0.1458902300505697 -0.06840329070266395
-0.14312510375782977 -0.06984841554089768
-0.1403027293320511 -0.07126560194428806
-0.13742423568536988 -0.07265428305717084
-0.13449077417686237 -0.07401390342561787
-0.13150351815201658 -0.07534391921961127
-0.12846366247340976 -0.0766437984505682
-0.1253724230427793 -0.0779130211841292
-0.12223103631467822 -0.07915107974812495
-0.11904075880190985 -0.08035747893563842
-0.11580286657293949 -0.08153173620308106
-0.11251865474148398 -0.0826733818632037
-0.10918943694848354 -0.08378195927296528
-0.10581654483666288 -0.08485702501618395
-0.10240132751789185 -0.08589814908089762
-0.09894515103355878 -0.08690491503136301
-0.09544939780817197 -0.0878769201746244
-0.09191546609640847 -0.08881377572158546
-0.0883447694238308 -0.08971510694251966
-0.08473873602149555 -0.09058055331695723
-0.08109880825468005 -0.09140976867788847
-0.07742644204595543 -0.09220242135022598
-0.07372310629283708 -0.09295819428347027
-0.06999028228024518 -0.0936767851785257
-0.06622946308801046 -0.09435790660861616
-0.06244215299366226 -0.09500128613425186
-0.05862986687073749 -0.09560666641220154
-0.05479412958285149 -0.09617380529842634
-0.05093647537377286 -0.09670247594493415
-0.04705844725374643 -0.09719246689051582
-0.043161596382309736 -0.09764358214532678
-0.0392474814478499 -0.09805564126928044
-0.035317668044149035 -0.09842847944422173
-0.03137372804416764 -0.09876194753985221
-0.027417238971316343 -0.0990559121733802
-0.023449783368467595 -0.09931025576287211
-0.019472948164959605 -0.09952487657428367
-0.015488324041845785 -0.09969968876215214
-0.011497504795643522 -0.0998346224039334
-0.007502086700836832 -0.09992962352797
-0.003503667871387851 -0.09998465413507912
0.000496152378487446 -0.09999969221375177
0.004495774174023599 -0.099974731748957
0.00849359771983424 -0.09990978272454797
0.01248802393980891 -0.09980487111926842
0.016477455116722193 -0.09966003889636157
0.02046029553129929 -0.09947534398678541
0.02443495210048245 -0.09925086026604105
0.02839983501464297 -0.09898667752462348
0.03235335837348381 -0.09868290143210665
0.036293940820378616 -0.09833965349487697
0.04022000617489324 -0.09795707100753245
0.04412998406323691 -0.0975353069979666
0.04802231054639083 -0.0970745301661594
0.051895428745662886 -0.09657492481669949
0.05574778946541841 -0.09603669078506485
0.05957785181273776 -0.09546004335769125
0.06338408381375292 -0.09484521318586049
0.06716496302641665 -0.0941924461934431
0.070918977149459 -0.0935020034785319
0.07464462462728762 -0.09277416120900639
0.07834041525059002 -0.0920092105120692
0.0820048707523974 -0.09120745735779913
0.08563652539937174 -0.09036922243676715
