    0.990000     0.010000
    0.989813     0.010187
    0.989622     0.010378
    0.989428     0.010572
    0.989230     0.010770
    0.989028     0.010972
    0.988823     0.011177
    0.988614     0.011386
    0.988401     0.011599
    0.988185     0.011815
    0.987964     0.012036
    0.987739     0.012261
    0.987510     0.012490
    0.987277     0.012723
    0.987040     0.012960
    0.986798     0.013202
    0.986552     0.013448
    0.986301     0.013699
    0.986046     0.013954
    0.985786     0.014214
    0.985521     0.014479
    0.985252     0.014748
    0.984977     0.015023
    0.984698     0.015302
    0.984413     0.015587
    0.984124     0.015876
    0.983829     0.016171
    0.983528     0.016472
    0.983223     0.016777
    0.982912     0.017088
    0.982595     0.017405
    0.982272     0.017728
    0.981944     0.018056
    0.981610     0.018390
    0.981270     0.018730
    0.980923     0.019077
    0.980571     0.019429
    0.980212     0.019788
    0.979846     0.020154
    0.979474     0.020526
    0.979096     0.020904
    0.978710     0.021290
    0.978318     0.021682
    0.977918     0.022082
    0.977512     0.022488
    0.977098     0.022902
    0.976677     0.023323
    0.976248     0.023752
    0.975812     0.024188
    0.975368     0.024632
    0.974916     0.025084
    0.974456     0.025544
    0.973987     0.026013
    0.973511     0.026489
    0.973026     0.026974
    0.972533     0.027467
    0.972030     0.027970
    0.971519     0.028481
    0.970999     0.029001
    0.970470     0.029530
    0.969932     0.030068
    0.969384     0.030616
    0.968826     0.031174
    0.968259     0.031741
    0.967682     0.032318
    0.967095     0.032905
    0.966498     0.033502
    0.965891     0.034109
    0.965273     0.034727
    0.964644     0.035356
    0.964004     0.035996
    0.963354     0.036646
    0.962692     0.037308
    0.962020     0.037980
    0.961335     0.038665
    0.960639     0.039361
    0.959931     0.040069
    0.959212     0.040788
    0.958480     0.041520
    0.957736     0.042264
    0.956979     0.043021
    0.956209     0.043791
    0.955427     0.044573
    0.954632     0.045368
    0.953823     0.046177
    0.953001     0.046999
    0.952166     0.047834
    0.951317     0.048683
    0.950454     0.049546
    0.949578     0.050422
    0.948688     0.051312
    0.947785     0.052215
    0.946867     0.053133
    0.945935     0.054065
    0.944988     0.055012
    0.944026     0.055974
    0.943048     0.056952
    0.942055     0.057945
    0.941046     0.058954
    0.940021     0.059979
    0.938979     0.061021
    0.937920     0.062080
    0.936845     0.063155
    0.935752     0.064248
    0.934642     0.065358
    0.933514     0.066486
    0.932369     0.067631
    0.931205     0.068795
    0.930022     0.069978
    0.928821     0.071179
    0.927601     0.072399
    0.926362     0.073638
    0.925103     0.074897
    0.923825     0.076175
    0.922527     0.077473
    0.921209     0.078791
    0.919871     0.080129
    0.918512     0.081488
    0.917133     0.082867
    0.915733     0.084267
    0.914312     0.085688
    0.912870     0.087130
    0.911407     0.088593
    0.909922     0.090078
    0.908415     0.091585
    0.906887     0.093113
    0.905336     0.094664
    0.903763     0.096237
    0.902168     0.097832
    0.900551     0.099449
    0.898911     0.101089
    0.897248     0.102752
    0.895562     0.104438
    0.893853     0.106147
    0.892120     0.107880
    0.890365     0.109635
    0.888586     0.111414
    0.886783     0.113217
    0.884957     0.115043
    0.883106     0.116894
    0.881232     0.118768
    0.879334     0.120666
    0.877412     0.122588
    0.875465     0.124535
    0.873494     0.126506
    0.871499     0.128501
    0.869479     0.130521
    0.867435     0.132565
    0.865366     0.134634
    0.863272     0.136728
    0.861153     0.138847
    0.859009     0.140991
    0.856841     0.143159
    0.854647     0.145353
    0.852429     0.147571
    0.850185     0.149815
    0.847916     0.152084
    0.845622     0.154378
    0.843302     0.156698
    0.840958     0.159042
    0.838588     0.161412
    0.836192     0.163808
    0.833772     0.166228
    0.831325     0.168675
    0.828854     0.171146
    0.826357     0.173643
    0.823834     0.176166
    0.821286     0.178714
    0.818711     0.181289
    0.816110     0.183890
    0.813483     0.186517
    0.810830     0.189170
    0.808152     0.191848
    0.805449     0.194551
    0.802720     0.197280
    0.799967     0.200033
    0.797190     0.202810
    0.794388     0.205612
    0.791562     0.208438
    0.788713     0.211287
    0.785840     0.214160
    0.782944     0.217056
    0.780025     0.219975
    0.777084     0.222916
    0.774121     0.225879
    0.771136     0.228864
    0.768129     0.231871
    0.765101     0.234899
    0.762052     0.237948
    0.758983     0.241017
    0.755894     0.244106
    0.752785     0.247215
    0.749656     0.250344
    0.746508     0.253492
    0.743342     0.256658
    0.740157     0.259843
    0.736955     0.263045
    0.733735     0.266265
    0.730497     0.269503
    0.727243     0.272757
    0.723973     0.276027
    0.720687     0.279313
    0.717385     0.282615
    0.714069     0.285931
    0.710738     0.289262
    0.707392     0.292608
    0.704033     0.295967
    0.700661     0.299339
    0.697276     0.302724
    0.693879     0.306121
    0.690470     0.309530
    0.687049     0.312951
    0.683618     0.316382
    0.680176     0.319824
    0.676725     0.323275
    0.673264     0.326736
    0.669795     0.330205
    0.666317     0.333683
    0.662831     0.337169
    0.659339     0.340661
    0.655839     0.344161
    0.652334     0.347666
    0.648822     0.351178
    0.645306     0.354694
    0.641786     0.358214
    0.638261     0.361739
    0.634733     0.365267
    0.631203     0.368797
    0.627670     0.372330
    0.624136     0.375864
    0.620601     0.379399
    0.617066     0.382934
    0.613531     0.386469
    0.609997     0.390003
    0.606465     0.393535
    0.602935     0.397065
    0.599408     0.400592
    0.595884     0.404116
    0.592364     0.407636
    0.588850     0.411150
    0.585340     0.414660
    0.581837     0.418163
    0.578341     0.421659
    0.574853     0.425147
    0.571372     0.428628
    0.567901     0.432099
    0.564439     0.435561
    0.560988     0.439012
    0.557547     0.442453
    0.554119     0.445881
    0.550703     0.449297
    0.547301     0.452699
    0.543912     0.456088
    0.540539     0.459461
    0.537180     0.462820
    0.533839     0.466161
    0.530514     0.469486
    0.527207     0.472793
    0.523919     0.476081
    0.520650     0.479350
    0.517402     0.482598
    0.514174     0.485826
    0.510964     0.489036
    0.507773     0.492227
    0.504601     0.495399
    0.501448     0.498552
    0.498314     0.501686
    0.495201     0.504799
    0.492107     0.507893
    0.489034     0.510966
    0.485982     0.514018
    0.482952     0.517048
    0.479942     0.520058
    0.476954     0.523046
    0.473989     0.526011
    0.471046     0.528954
    0.468125     0.531875
    0.465227     0.534773
    0.462352     0.537648
    0.459500     0.540500
    0.456672     0.543328
    0.453868     0.546132
    0.451087     0.548913
    0.448330     0.551670
    0.445598     0.554402
    0.442890     0.557110
    0.440207     0.559793
    0.437548     0.562452
    0.434914     0.565086
    0.432306     0.567694
    0.429722     0.570278
    0.427163     0.572837
    0.424630     0.575370
    0.422122     0.577878
    0.419639     0.580361
    0.417182     0.582818
    0.414751     0.585249
    0.412345     0.587655
    0.409964     0.590036
    0.407609     0.592391
    0.405280     0.594720
    0.402977     0.597023
    0.400699     0.599301
    0.398446     0.601554
    0.396220     0.603780
    0.394019     0.605981
    0.391843     0.608157
    0.389692     0.610308
    0.387567     0.612433
    0.385468     0.614532
    0.383393     0.616607
    0.381343     0.618657
    0.379319     0.620681
    0.377319     0.622681
    0.375344     0.624656
    0.373393     0.626607
    0.371467     0.628533
    0.369565     0.630435
    0.367687     0.632313
    0.365833     0.634167
