0 1
-0.0408 1.0
-0.08132822314270721 0.998334920448
-0.12156494202841868 0.9950158527677202
-0.16155711498798508 0.9900546934733186
-0.20141566862210925 0.9834614226731567
-0.24131292642923144 0.975241493475238
-0.28148088559226614 0.9653933263323313
-0.3222109594775802 0.9539058737127594
-0.3638557385554683 0.940756195280004
-0.4068332938855766 0.9259069612077842
-0.4516345667349733 0.9093037798665665
-0.49883446397139697 0.8908722239340473
-0.5491074191758206 0.8705144036940557
-0.6032483920224047 0.8481049052744197
-0.6622005726704918 0.8234858718838955
-0.7270914433476301 0.7964609544114366
-0.7992793321807449 0.7667877903243703
-0.880413167913409 0.7341685826687239
-0.9725087678695794 0.6982382404333278
-1.0780455474669326 0.6585494055431231
-1.2000877439497146 0.6145535330624409
-1.3424334731859522 0.5655770241639977
-1.509791868362985 0.5107912759747264
-1.7079804989346365 0.4491755022544548
-1.9441169122285815 0.37947149725467977
-2.2267392060797953 0.3001305826162192
-2.5657119528872454 0.20925563360445007
-2.9716222950738946 0.10454694465654467
-3.454095393420558 -0.016727259259995853
-4.018001797021828 -0.1576915634325931
-4.655906401248373 -0.32166932402377696
-5.3346766031304345 -0.51168046482634
-5.975329068611447 -0.7293927424833329
-6.431564923714313 -0.9732505426945124
-6.489432538929577 -1.2357276809748345
-5.934640509889508 -1.5005664413830475
-4.720800045386605 -1.742763710046966
-3.1355908796395084 -1.9354232106512284
-1.6930821372250129 -2.0633890993062636
-0.7338199133723211 -2.1324850906432693
-0.23458440398417668 -2.1624328487953934
-0.011426676785196183 -2.172006419733927
0.08142600263509318 -2.1724727512501607
0.11923824303440299 -2.1691496931131806
0.1347726383367524 -2.1642834882040387
0.14139616181229853 -2.158783312609342
0.14445360896247383 -2.1530128258994172
0.14607769399812656 -2.147117562406868
0.14712382297991808 -2.1411560187480543
0.14793787315205295 -2.1351517817564876
0.14866102733460843 -2.1291143227478635
0.14935152930540058 -2.1230473512578105
0.15003371090621 -2.116952199848341
0.1507179107929476 -2.110829208080189
0.1514086419764214 -2.1046782935855446
0.152107972173256 -2.098499189817137
0.15281693597488527 -2.0922915458425813
0.1535361303669312 -2.0860549685070158
0.15426596829508837 -2.079789040292134
0.15500678774771265 -2.0734933268269957
0.15575889924642616 -2.0671673799470955
0.15652260685310201 -2.0608107388153
0.15729821769637517 -2.0544229301854755
0.15808604648631808 -2.0480034682773316
0.15888641783126844 -2.0415518544670155
0.15969966759220208 -2.0350675768831583
0.16052614382234032 -2.0285501099476444
0.16136620753757455 -2.0219989138780368
0.16222023342950334 -2.0154134341585612
0.1630886105731926 -2.0087931009819893
0.16397174315498467 -2.0021373286626383
0.164870051233632 -1.9954455150196686
0.16578397154264168 -1.9887170407293178
0.16671395833936853 -1.9819512686443912
0.16766048430545435 -1.9751475430791003
0.16862404150293583 -1.9683051890571535
0.1696051423903947 -1.9614235115208265
0.17060432090374406 -1.9545017944985643
0.17162213360656628 -1.9475393002284744
0.17265916091530673 -1.9405352682348738
0.17371600840507234 -1.9334889143548357
0.17479330820228323 -1.9263994297114448
0.1758917204709757 -1.919265979630218
0.17701193500016577 -1.912087702494867
0.178154672900354 -1.9048637085382805
0.17932068841799428 -1.89759307856427
0.180510770877569 -1.8902748625952661
0.18172574676181785 -1.8829080784407564
0.18296648194166945 -1.875491710180829
0.18423388406853353 -1.8680247065587101
0.18552890514284076 -1.8605059792756695
0.1868525442740819 -1.8529344011811035
0.18820585064911213 -1.8453088043499772
0.18958992672717329 -1.8376279780391291
0.19100593168196234 -1.829890666513183
0.19245508511316703 -1.8220955667299883
0.19393867105222476 -1.8142413258745875
0.19545804228967106 -1.8063265387297074
0.19701462505436315 -1.7983497448696466
0.19860992407813724 -1.7903094256632013
0.20024552808312823 -1.7822040010698978
0.20192311573310445 -1.7740318262122836
0.20364446209480933 -1.7657911877053394
0.20541144566052735 -1.7574802997221994
0.20722605598898824 -1.7490972997732754
0.20909040202838364 -1.7406402441735482
0.21100672119280778 -1.7321071031701922
0.21297738927197518 -1.7234957556997827
0.21500493126376158 -1.7148039837410791
0.21709203323013643 -1.706029466225725
0.2192415552896031 -1.6971697724650974
0.2214565458735771 -1.688222355046926
0.2237402573904862 -1.6791845421500964
0.22609616346009428 -1.6700535292201917
0.22852797790201315 -1.6608263699416854
0.2310396756870201 -1.6514999664352012
0.23363551608817354 -1.6420710585997313
0.23632006830143662 -1.6325362125100404
0.23909823984332104 -1.6228918077684726
0.24197530807682657 -1.613134023697828
0.24495695526772382 -1.603258824247641
0.2480493076322532 -1.5932619414697866
0.2512589789060851 -1.5831388574005165
0.25459311904469456 -1.5728847841644156
0.2580594687592916 -1.562494642090856
0.2616664207027169 -1.5519630356048002
0.2654230882493775 -1.541284226620557
0.2693393829661639 -1.5304521051285784
0.2734261020519542 -1.5194601566206065
0.2776950272373924 -1.5083014259463474
0.2821590368909796 -1.4969684771339684
0.28683223338054953 -1.485453348635459
0.2917300881012402 -1.4737475033742717
0.296869607014868 -1.4618417728742588
0.3022695200669232 -1.4497262946328193
0.3079504984757979 -1.4373904417637926
0.31393540464869796 -1.4248227437726098
0.32024958040042395 -1.4120107971321834
0.326921180273008 -1.3989411640963665
0.333981558124102 -1.3855992579103789
0.34146571683070154 -1.3719692122442626
0.3494128330191539 -1.3580337322735807
0.3578668712802803 -1.3437739243454783
0.3668773054847799 -1.3291691005781496
0.3764999687390434 -1.3141965540228662
0.38679805842117015 -1.29883129913865
0.3978433288775629 -1.2830457712506502
0.4097175120870844 -1.2668094773336491
0.42251401636152686 -1.2500885888171658
0.4363399655345837 -1.2328454650652791
0.45131865686519046 -1.2150380936355727
0.46759253605527745 -1.1966194302291429
0.48532681368824976 -1.1775366172278325
0.5047138807919245 -1.1577300546418126
0.5259787244453031 -1.1371322908546264
0.5493856004623057 -1.1156666923531333
0.5752462932692016 -1.093245841140069
0.6039303885117383 -1.0697695950546193
0.6358781087087544 -1.045122728859955
0.6716164255076436 -1.0191720514978133
0.711779375346272 -0.9917628657894774
0.7571337827834375 -0.962714599038879
0.8086119538608154 -0.9318153838466949
0.8673533574181452 -0.8988153046830574
0.9347578773977154 -0.8634179434135598
1.012553889225853 -0.8252697515575339
1.1028851406948446 -0.7839466442965525
1.2084210561740123 -0.7389370488069538
1.3324952733328268 -0.6896204509922089
1.4792761604151736 -0.6352402884244849
1.6539690405628968 -0.5748698843443776
1.8630393512935248 -0.5073701287296144
2.114421950477665 -0.431338052052894
2.417630556980933 -0.3450468571009254
2.7835773654801663 -0.24638148443623614
3.223711902690283 -0.1327815395178279
3.747723807432105 -0.001219363765166015
4.35846217596997 0.15172814305588259
5.041972232660354 0.3296003550012998
5.750273261007752 0.5353671409413622
6.376963364470093 0.770040239601077
6.736247513069284 1.0302890460234368
6.580400010708716 1.3052005163965377
5.714602200938694 1.5737517296762353
4.21367084385754 1.8069690647889123
2.5320922601936613 1.9789322304988577
1.2135847332876246 2.082268873788709
0.45191482653260073 2.131796205259704
0.09798179814110863 2.1502391988112985
-0.0481790720888125 2.1542379117660277
-0.1058280519687109 2.152271686575601
-0.1284623563342982 2.147952761934398
-0.13757395111994591 2.142710113828173
-0.14148127585314094 2.137095614492446
-0.143378205778201 2.1313216542126923
-0.14449503429620453 2.125470278755738
-0.14530929307762794 2.1195733246632833
-0.14600808548690167 2.1136431400402653
-0.1466654974317351 2.1076844371586256
-0.1473112222549733 2.1016989047871184
-0.14795734936472502 2.0956870198862143
-0.14860892162965958 2.0896487660382896
-0.14926813634718358 2.0835839210223503
-0.14993603311054784 2.0774921729439964
-0.150613178570172 2.0713731674822227
-0.15129994699216753 2.0652265271905823
-0.15199663640707234 2.0590518593485396
-0.15270351726329207 2.0528487590727016
-0.15342085312029372 2.0466168104424667
-0.15414890965907438 2.0403555867811676
-0.15488795877366235 2.0340646505694906
-0.15563828058018211 2.027743553191916
-0.15640016454424552 2.0213918346011686
-0.15717391024002586 2.0150090229366575
-0.15795982796297353 2.008594634111938
-0.15875823929355765 2.002148171377169
-0.15956947765574248 1.9956691248585605
-0.16039388889062717 1.9891569710750336
-0.16123183185554538 1.9826111724314663
-0.16208367905452867 1.9760311766874916
-0.1629498173041785 1.9694164164005645
-0.16383064843826325 1.9627663083418556
-0.1647265900541442 1.9560802528833887
-0.1656380763041662 1.949357633354716
-0.16656555873530138 1.9425978153672974
-0.16750950718055693 1.935800146104611
-0.16847041070592636 1.928963953575887
-0.16944877861696853 1.9220885458311938
-0.17044514152943904 1.9151732101354466
-0.17146005250877278 1.9082172120987209
-0.17249408828362878 1.901219794760064
-0.17354785053916133 1.8941801776217808
-0.17462196729617904 1.88709755563094
-0.17571709438290073 1.8799710981045947
-0.1768339170066196 1.8727999475949422
-0.1779731514332502 1.8655832186903396
-0.1791355467834646 1.8583199967477781
-0.1803218869549313 1.8510093365520555
-0.18153299268106254 1.8436502608964989
-0.18276972373766226 1.8362417590796705
-0.1840329813099582 1.8287827853120169
-0.18532371053371344 1.8212722570259186
-0.18664290322545382 1.8137090530820348
-0.1879916008183409 1.8060920118642254
-0.1893708975218772 1.7984199292546577
-0.1907819437254781 1.7906915564799624
-0.192225949668003 1.7829055978184891
-0.1937041893976337 1.7750607081578036
-0.19521800504905693 1.7671554903905797
-0.19676881146777667 1.7591884926359371
-0.19835810121459976 1.7511582052720562
-0.1999874499869458 1.7430630577645567
-0.2016585224976836 1.7349014152736282
-0.20337307885675515 1.7266715750212402
-0.2051329815059798 1.7183717623979151
-0.20694020276322214 1.7100001267864837
-0.20879683303864555 1.7015547370779598
-0.21070508979317237 1.6930335768521019
-0.2126673273176525 1.684434539192373
-0.21468604742075353 1.6757554211018064
-0.21676391112439491 1.6669939174826889
-0.21890375147785496 1.6581476146389444
-0.22110858761571106 1.6492139832555655
-0.22338164020080278 1.6401903708043273
-0.22572634841174768 1.6310739933192642
-0.22814638865556397 1.6218619264788714
-0.23064569521009806 1.6125510959246305
-0.23322848302873367 1.6031382667371021
-0.23589927297188248 1.5936200319813394
-0.23866291976674306 1.5839928002225858
-0.24152464303962276 1.5742527819009138
-0.244490061814764 1.5643959744394096
-0.24756523293131577 1.5544181459444346
-0.25075669389729666 1.5443148173380608
-0.25407151077784473 1.5340812427416022
-0.25751733180683645 1.52371238790479
-0.26110244751859596 1.5132029064470165
-0.26483585832295115 1.5025471136445565
-0.26872735059600794 1.4917389574599997
-0.2727875825351802 1.4807719864663589
-0.27702818123567974 1.4696393142673676
-0.28146185269349067 1.4583335799560126
-0.28610250673497806 1.4468469040837586
-0.29096539922572695 1.435170839531299
-0.29606729433331913 1.423296316575655
-0.30142665012580017 1.4112135813352045
-0.30706383139850085 1.3989121266402944
-0.3130013543602312 1.3863806142182253
-0.31926416870509633 1.3736067868924036
-0.3258799836851893 1.3605773692699248
-0.33287964612859255 1.347277955121878
-0.3402975799750415 1.333692879336444
-0.34817229890245993 1.3198050719342007
-0.35654700608571716 1.3055958911627468
-0.3654702981847904 1.291044932114704
-0.37499699445730883 1.2761298066154187
-0.38518911662860356 1.2608258892739403
-0.39611705108699263 1.2451060235447435
-0.40786093243495547 1.2289401803593638
-0.42051229684970565 1.2122950602942388
-0.43417606565281996 1.195133628263626
-0.4489729346958814 1.1774145672615104
-0.46504226460699016 1.1590916345908353
-0.48254559188882007 1.1401129001395394
-0.5016709129994799 1.1204198413659656
-0.5226379351139937 1.0999462634476174
-0.5457045412097276 1.0786170051422788
-0.5711747873486636 1.056346380803998
-0.5994088416925197 1.0330362960237967
-0.6308353946341342 1.0085739576514874
-0.6659672262186311 0.9828290773504299
-0.7054208219238638 0.9556504398337926
-0.7499411946750012 0.9268616705656441
-0.8004334158479671 0.8962559904564333
-0.8580027979397844 0.8635896837538362
-0.9240062198844398 0.8285739260477498
-1.0001177417550349 0.7908645176494558
-1.0884123801850842 0.7500489391840458
-1.19147258318007 0.7056299882431185
-1.3125222368076797 0.6570050707180756
-1.455592241695807 0.6034400232167577
-1.6257182846325569 0.5440361781751516
-1.829162238448978 0.4776893577571568
-2.0736272957623028 0.4030398322539229
-2.3683910627075813 0.3184134987087546
-2.724187084078353 0.22175762788390307
-3.1524825941336947 0.11058144627798712
-3.663465247166718 -0.018073806308481752
-4.261495419225071 -0.16758265612514667
-4.9360345080241315 -0.34149757974017936
-5.645624473310866 -0.5429409652126637
-6.294291738185394 -0.7733432659180728
-6.708594238220889 -1.0302181793390295
-6.645839682891212 -1.3040010981803682
-5.890984682213665 -1.5752229550885133
-4.464717992339805 -1.8156385956644738
-2.7719848981251234 -1.9978471896471088
-1.3754023692613075 -2.1109740370079164
-0.5347218745781027 -2.167105271341969
-0.1337550330119805 -2.1889276845617514
0.033873059526571325 -2.194386330896196
0.10023708942465437 -2.1930039451417507
0.12626229678059164 -2.188913192005648
0.13667939413057706 -2.1837603300311894
0.14109019609057352 -2.1781823382579892
0.14318235390632084 -2.172424338245781
0.1443752161036172 -2.166580955655177
0.14521901606331905 -2.160688891435821
0.1459290348807013 -2.1547623910875715
0.14659037954405466 -2.148806914322303
0.14723709526120016 -2.1428244475698834
0.14788300631653717 -2.13681558784892
0.1485338536350791 -2.130780367998284
0.14919211780923722 -2.124718586565256
0.14985895419883377 -2.118629940862223
0.15053497689331946 -2.112514081050444
0.15122057945193718 -2.106370632229712
0.15191606748094935 -2.100199203438364
0.15262171406600222 -2.0939993912427073
0.15333778328763717 -2.087770781064215
0.15406454041673995 -2.0815129475470275
0.15480225650720453 -2.075225454509376
0.15555121061792707 -2.068907854707572
0.15631169103048087 -2.0625596895093183
0.1570839960457592 -2.0561804885173234
0.15786843461133224 -2.0497697691604055
0.15866532688969823 -2.043327036258994
0.15947500481667545 -2.0368517815674396
0.16029781267277537 -2.030343483293534
0.1611341076789058 -2.023801605594716
0.1619842606227642 -2.017225598049963
0.16284865652015784 -2.01061489510612
0.16372769531463952 -2.003968915497238
0.16462179261858076 -1.997287061635363
0.16553138049881033 -1.9905687189710792
0.16645690831008378 -1.9838132553219885
0.1673988435798665 -1.9770200201671781
0.16835767294817358 -1.970188343905578
0.1693339031665119 -1.9633175370759628
0.17032806216030436 -1.9564068895361857
0.17134070015954675 -1.9494556695990557
0.17237239090285483 -1.9424631231220697
0.17342373292050697 -1.9354284725480086
0.17449535090257942 -1.9283509158931693
0.1755878971588121 -1.9212296256797636
0.17670205317743803 -1.9140637478087388
0.17783853129086472 -1.9068524003689797
0.17899807645681903 -1.8995946723785353
0.180181468164364 -1.8922896224531534
0.18138952247507706 -1.8849362773970302
0.1826230942106536 -1.8775336307102581
0.18388307929927725 -1.8700806410069952
0.18517041729429443 -1.862576230337877
0.1864860940800544 -1.8550192824096408
0.1878311447812499 -1.847408640694321
0.18920665689372906 -1.839743106419713
0.1906137736565714 -1.8320214364320653
0.19205369768725125 -1.8242423409211557
0.19352769490397775 -1.8164044809970128
0.19503709876183073 -1.808506466106564
0.1965833148321436 -1.8005468512774039
0.19816782575775535 -1.792524134174674
0.1997921966203092 -1.7844367519557147
0.20145808075977 -1.7762830779056744
0.20316722609082222 -1.768061417835619
0.2049214819658679 -1.7597700062228645
0.20672280664004747 -1.7514070020712247
0.20857327540014547 -1.7429704844666072
0.21047508942652893 -1.734458447800861
0.2124305854655168 -1.7258687966339619
0.21444224639894058 -1.7171993401614614
0.2165127128082939 -1.7084477862505834
0.21864479564297562 -1.699611735004379
0.22084149011593499 -1.6906886718088805
0.22310599096578987 -1.6816759598131634
0.22544170924252352 -1.6725708317865497
0.22785229079453095 -1.6633703812907739
0.23034163665851554 -1.6540715530976775
0.23291392558103058 -1.6446711327747778
0.235573638931917 -1.6351657353517135
0.23832558830621267 -1.6255517929699546
0.24117494615313947 -1.6158255414060565
0.24412727981950483 -1.6059830053449218
0.247188589451477 -1.5960199822637247
0.25036535026462353 -1.585932024769034
0.25366455976904384 -1.5757144212088638
0.2570937906264217 -1.5653621743574295
0.26066124992133144 -1.5548699779427673
0.2643758457531239 -1.5442321907554444
0.2682472622007903 -1.5334428080396054
0.2722860438857198 -1.5224954298246418
0.2765036915615432 -1.5113832258057915
0.28091277040278373 -1.5000988963236435
0.28552703295275456 -1.4886346289242967
0.29036155903582256 -1.4769820499019226
0.29543291535181354 -1.4651321701313984
0.3007593379658382 -1.4530753243877697
0.30636094150359744 -1.4408011032181625
0.31225995958321545 -1.4282982762762726
0.31848102188847677 -1.4155547058446463
0.32505147435087234 -1.4025572490493872
0.33200175020417566 -1.389291647007988
0.33936580126225324 -1.3757423988341353
0.3471816007204911 -1.3618926180417363
0.355491731185133 -1.3477238684292285
0.3643440746097579 -1.3332159759659579
0.3737926245136217 -1.318346812521716
0.38389844546487845 -1.3030920464490188
0.3947308105808153 -1.2874248540081326
0.4063685550484391 -1.271315584369836
0.4189016928196569 -1.25473136937996
0.4324333552307811 -1.2376356673453472
0.44708212504949557 -1.219987727703251
0.4629848583006367 -1.201741960436471
0.4803001103992045 -1.1828471903275983
0.49921231425418255 -1.1632457713901214
0.5199368982547449 -1.1428725307878853
0.5427265842630479 -1.1216535038855746
0.5678791736870626 -1.0995044122732411
0.595747218369311 -1.0763288240351778
0.6267500889331556 -1.052015919342344
0.6613891048636052 -1.0264377635262465
0.7002665888106763 -0.9994459626825216
0.7441099658662069 -0.9708675416536626
0.7938023628014691 -0.9404998385016224
0.8504215894975601 -0.9081041502018673
0.9152899192550457 -0.8733977874751093
0.9900377281315993 -0.8360440980461067
1.0766847740068113 -0.7956398927318797
1.1777435827133318 -0.7516995544684365
1.2963497772782704 -0.7036349280695348
1.4364235890616515 -0.6507298911483141
1.6028638321331534 -0.5921083336444659
1.8017674122563516 -0.5266942211070818
2.040648144689807 -0.45316269964610123
2.3285868274976567 -0.3698822707600783
2.6761585365948903 -0.27485084155608563
3.09481452016605 -0.16563474211504653
3.5950840791801806 -0.03933296822384111
4.1824354577833525 0.10738519324585666
4.848900474199901 0.27807361869474934
5.558031064620988 0.475960996863214
6.222084085893786 0.7027885428210866
6.677921829086091 0.9567166061114385
6.688596454554198 1.2292477602159897
6.025994619650682 1.502214554040938
4.6689050500396965 1.748140054571388
2.9771090925775923 1.9386816802834135
1.5199575368795073 2.0601798046492035
0.6110390847489393 2.1222104471630847
0.16727858275781787 2.147147424748581
-0.020368098579433475 2.1539741930730316
-0.09493538152383613 2.153142955218675
-0.12415965892155609 2.1492685688819924
-0.13580754941251214 2.1442015171846007
-0.14069202611570167 2.1386591060685713
-0.1429672630958437 2.132917355680956
-0.1442310539098538 2.1270827511126646
-0.14510212999226813 2.1211965702639217
-0.14582226446163055 2.1152748401266233
-0.14648690253576102 2.1093237207447264
-0.14713416203827556 2.103345476969037
-0.14777948683799316 2.097340818032503
-0.14842926782786314 2.091309822891841
-0.14908624859400124 2.0852523096864855
-0.1497516915491049 2.0791679845879987
-0.15042625437960216 2.073056502247905
-0.1511103481588838 2.0669174904770364
-0.15180428516821382 2.0607505603100034
-0.1525083406037519 2.054555310036975
-0.15322277869776738 2.0483313267171526
-0.15394786400505722 2.0420781866262145
-0.15468386645544985 2.035795455243153
-0.1554310637702267 2.0294826870309164
-0.15618974276153583 2.0231394251184307
-0.15696020016242515 2.016765200929598
-0.15774274326658036 2.010359533778415
-0.15853769049966054 2.0039219304379845
-0.15934537197653198 1.9974518846862126
-0.16016613006943312 1.9909488768287626
-0.1610003199993709 1.984412373198822
-0.16184831045751666 1.9778418256327335
-0.16271048426100476 1.9712366709202689
-0.16358723904658126 1.9645963302281362
-0.16447898800523345 1.9579202084951803
-0.16538616066091136 1.9512076937976026
-0.1663092036965793 1.9444581566824
-0.1672485818310421 1.9376709494670916
-0.16820477875024792 1.9308454055036635
-0.16917829809706472 1.9239808384045036
-0.17016966452385807 1.9170765412279451
-0.17117942481256257 1.9101317856208526
-0.17220814906734114 1.9031458209154968
-0.17325643198536725 1.8961178731777566
-0.17432489421175057 1.8890471442034598
-0.17541418378515922 1.8819328104594266
-0.17652497768127887 1.874774021965519
-0.17765798346189438 1.8675699011136966
-0.1788139410380925 1.8603195414197762
-0.17999362455686946 1.8530220062032305
-0.18119784442129455 1.845676327189995
-0.18242744945534167 1.838281503032829
-0.18368332922556102 1.830836497743329
-0.18496641653294082 1.8233402390291924
-0.18627769008961337 1.8157916165297876
-0.18761817739650855 1.8081894799424836
-0.18898895783966946 1.8005326370315415
-0.19039116602473652 1.792819851510644
-0.1918259953711046 1.7850498407893394
-0.19329470198948584 1.7772212735728081
-0.19479860886910041 1.769332767303381
-0.1963391104035002 1.7613828854311755
-0.1979176772871486 1.7533701345000299
-0.19953586181837457 1.7452929610336043
-0.20119530364824287 1.7371497482050633
-0.20289773601929498 1.7289388122721436
-0.2046449925430829 1.7206583987576136
-0.2064390145710176 1.7123066783531362
-0.20828185921937797 1.7038817425223216
-0.210175708116477 1.6953815987762744
-0.21212287694807874 1.68680416559216
-0.21412582588634535 1.6781472669422173
-0.21618717099802812 1.6694086263971568
-0.21830969673948913 1.6605858607639816
-0.22049636965967404 1.6516764732138776
-0.22275035344760666 1.6426778458508737
-0.22507502547864813 1.6335872316664035
-0.2274739950340089 1.6244017458186002
-0.22995112339124182 1.6151183561680396
-0.23251054601016896 1.6057338729935742
-0.23515669706948428 1.5962449378027437
-0.23789433664482013 1.5866480111408257
-0.2407285808601802 1.5769393592907301
-0.24366493539229744 1.5671150397423903
-0.24670933276283047 1.5571708852948138
-0.24986817391774557 1.547102486636212
-0.25314837466840123 1.536905173227241
-0.2565574176567433 1.5265739922889472
-0.26010341061002623 1.5161036856699726
-0.26379515177148394 1.5054886643363399
-0.2676422035358771 1.4947229801909616
-0.2716549754870833 1.4838002948880251
-0.2758448182340302 1.4727138452585495
-0.28022412967759464 1.461456404906426
-0.28480647562231404 1.450020241467623
-0.28960672698233597 1.4383970689471353
-0.29464121623262673 1.4265779944564505
-0.2999279162384605 1.414553458566123
-0.3054866451764643 1.4023131683601762
-0.31133930196118725 1.389846022127519
-0.3175101374399803 1.3771400244454228
-0.3240260676505815 1.3641821901953244
-0.3309170366937516 1.3509584357943452
-0.338216438312519 1.337453455617698
-0.3459616071595718 1.3236505812161186
-0.3541943930633689 1.3095316204842935
-0.3629618344841937 1.2950766733930468
-0.37231695092771017 1.2802639202372614
-0.3823196785406765 1.2650693775447928
-0.39303797868999985 1.2494666158029963
-0.404549156331221 1.2334264319432873
-0.4169414338072139 1.2169164680220625
-0.4303158369057993 1.1999007656736813
-0.444788464231038 1.182339243591975
-0.4604932291063383 1.1641870823969607
-0.4775851865120295 1.1453939976023673
-0.49624458752821954 1.1259033768082671
-0.5166818424715699 1.1056512514287595
-0.5391436241163348 1.0845650658702033
-0.5639204076928509 1.0625621976322797
-0.5913558295354525 1.0395481696958857
-0.6218583575785464 1.015414480977369
-0.6559159125396168 0.9900359605007921
-0.694114269049407 0.9632675248684114
-0.7371603142673724 0.9349401847668037
-0.7859115632521437 0.9048561022709093
-0.8414137425689898 0.8727824436029804
-0.9049487713522384 0.8384436980754457
-0.9780960969202588 0.8015120388895111
-1.062811055290004 0.7615951807798803
-1.1615246308009837 0.7182210397062792
-1.2772694344527398 0.6708183212775766
-1.4138363322009888 0.6186919679025309
-1.575963686090825 0.560992213818645
-1.7695540253115516 0.4966759170440278
-2.001895880375927 0.4244590488159505
-2.281831127394752 0.3427601298049947
-2.6197307875864757 0.249636836879943
-3.0269893460492487 0.14272359751339653
-3.514461867717964 0.019189821429365733
-4.088777455102195 -0.12423808524271543
-4.744749769985538 -0.2911042551733346
-5.451478617246748 -0.48474116255959987
-6.130588856696087 -0.7072202207395704
-6.631288055260574 -0.9574142929700535
-6.725177153827526 -1.2280422867013336
-6.172752807063602 -1.5025019671527007
-4.906730328484733 -1.7544167828044703
-3.2290683048313236 -1.954664242048053
-1.7060239157472434 -2.086445016714375
-0.7127442024308243 -2.1560691720411818
-0.2128193870744618 -2.1851568141312336
0.0018940190422021275 -2.1938421378980686
0.08769594418544789 -2.193764841516248
0.12132310245107122 -2.190185902215843
0.13466802823458 -2.1852346125816156
0.14020626875799425 -2.1797387062060873
0.14273461063082685 -2.1740167799518924
0.14409689395844177 -2.168191670110616
0.14500630777557494 -2.1623109644332406
0.14574114959442128 -2.156393144874708
0.14641111370825868 -2.1504453358532705
0.1470599296685092 -2.1444701850782417
0.14770527264397632 -2.1384685556221243
0.14835442908413904 -2.132440589220113
0.1490105052067427 -2.126386130241764
0.1496749113702733 -2.120304896289486
0.15034836588016445 -2.114196547407867
0.15103130455600916 -2.1080607143268946
0.15172404953606325 -2.1018970099904215
0.1524268796211007 -2.0957050341955896
0.15314005998277355 -2.0894843753614656
0.1538638549527646 -2.0832346110852558
0.15459853370968485 -2.0769553081765855
0.15534437296480555 -2.0706460224596936
0.15610165837584647 -2.0643062984660183
0.1568706854249803 -2.057935669069084
0.15765176007776327 -2.051533655083561
0.15844519936100876 -2.0450997648374263
0.15925133192087076 -2.0386334937205493
0.16007049858919828 -2.032134323710495
0.1609030529717833 -2.0256017228752174
0.16174936206584503 -2.0190351448517445
0.16260980691139815 -2.0124340282996642
0.16348478328004942 -2.005797796328026
0.16437470240438212 -1.9991258558941347
0.1652799917510365 -1.9924175971725753
0.16620109584070594 -1.9856723928926885
0.16713847711846547 -1.9788895976425818
0.16809261687810062 -1.9720685471376216
0.16906401624439552 -1.9652085574512026
0.17005319721766476 -1.9583089242054297
0.1710607037851741 -1.951368921719171
0.1720871031044922 -1.9443878021107537
0.17313298676425137 -1.9373647943523662
0.17419897212827454 -1.9302991032730072
0.17528570376955277 -1.9231899085065807
0.17639385500113727 -1.9160363633814677
0.17752412951164784 -1.9088375937476234
0.17867726311380341 -1.9015926967369263
0.17985402561515645 -1.8943007394521685
0.1810552228210699 -1.8869607575797007
0.18228169868092292 -1.8795717539203338
0.1835343375895801 -1.8721326968326517
0.18481406685732038 -1.8646425185823998
0.18612185936270986 -1.8571001135910743
0.18745873640433286 -1.8495043365762442
0.18882577076888546 -1.841854000575494
0.19022409003490398 -1.834147874845153
0.1916548801333719 -1.826384682624199
0.19311938918864674 -1.8185630987528487
0.1946189316656034 -1.810681747134399
0.19615489285163493 -1.8027391980278187
0.19772873370522545 -1.7947339651574263
0.19934199610625564 -1.7866645026246954
0.20099630854706801 -1.7785292016057888
0.20269339230766834 -1.7703263868168377
0.204435068163332 -1.762054312727205
0.20622326367840307 -1.7537111594990067
0.20806002114629937 -1.7452950286289672
0.20994750624278072 -1.736803938266237
0.21188801746750743 -1.7282358181770643
0.21388399645795916 -1.7195885043241486
0.21593803927005192 -1.7108597330250752
0.2180529087314745 -1.7020471346503807
0.220231547987078 -1.6931482268174665
0.22247709537084814 -1.6841604070317167
0.22479290075636685 -1.6750809447206787
0.2271825435575727 -1.665906972600968
0.2296498525744714 -1.6566354773105498
0.2321989279047067 -1.6472632892310997
0.23483416517215075 -1.6377870714161378
0.23756028235858287 -1.6282033075303746
0.24038234956489635 -1.6185082886940358
0.24330582207505475 -1.6086980991126087
0.24633657715034257 -1.5987686003572235
0.24948095504467308 -1.5887154141434316
0.252745804805445 -1.5785339034361199
0.2561385355106242 -1.568219151685254
0.2596671736937006 -1.5577659399705979
0.2633404278267576 -1.547168721802877
0.26716776087149907 -1.536421595293336
0.2711594720728485 -1.525518272362435
0.2753267893646958 -1.5144520446104837
0.2796819739886666 -1.5032157454171267
0.28423843920193365 -1.491801707771256
0.28901088527830554 -1.4802017172563655
0.2940154533994679 -1.4684069595264067
0.2992699015043291 -1.4564079615012238
0.3047938057313148 -1.4441945253854416
0.31060879177274275 -1.4317556544663368
0.31673880128902654 -1.4190794694699589
0.3232103995371005 -1.4061531140446808
0.3300531315944495 -1.3929626476901962
0.33729993606081576 -1.3794929241487384
0.34498762696151725 -1.3657274529128125
0.3531574568450235 -1.3516482410660815
0.3618557768721864 -1.3372356121438027
0.3711348131749831 -1.3224679980545146
0.38105358309814946 -1.3073216993179213
0.39167898035884774 -1.2917706079102482
0.4030870649666252 -1.2757858858233921
0.4153646023268362 -1.2593355909814405
0.42861090681172703 -1.24238424034519
0.4429400588867676 -1.2248922977791021
0.4584835824945983 -1.206815571435621
0.4753936919689599 -1.1881045018733793
0.4938472467854376 -1.1687033176663377
0.5140505899500343 -1.1485490296164864
0.5362454944209674 -1.1275702275081694
0.5607165051473508 -1.105685634184334
0.5878000467042045 -1.0828023599885066
0.6178957741717189 -1.0588137855171387
0.6514807857551338 -1.0335969811337922
0.6891274998316412 -1.0070095464553175
0.7315262393867132 -0.9788857202619217
0.7795138784800975 -0.9490315687189248
0.8341103054347929 -0.917219004514086
0.8965649614878126 -0.8831783179039893
0.9684163283529228 -0.8465888084821014
1.0515679440493162 -0.8070669892133914
1.1483852408426298 -0.7641516882041954
1.2618179994099383 -0.7172851984408215
1.3955529789322099 -0.6657894300789824
1.554199179279697 -0.6088358337811218
1.7435018446988784 -0.5454077633606854
1.9705659038130414 -0.47425410477043095
2.2440355179714917 -0.3938337863315218
2.5741055384841762 -0.30225296145563796
2.9720998483422294 -0.19720172378848227
3.449086214113127 -0.07590803055375317
4.012535454275809 0.06485184513754247
4.659341882361389 0.2286065200539562
5.362841775531871 0.4187578654975135
6.05198822230552 0.6376195856212756
6.586073407745182 0.8846059051777893
6.744824984543855 1.153388654177972
6.28247880847761 1.4286501777951948
5.097320188139995 1.6850429964194447
3.4416671988199816 1.89306857522505
1.8704140765902124 2.0335256751648605
0.8058213503358609 2.1098587200840595
0.25535320905005143 2.142744912559777
0.015519953587328689 2.153166074494258
-0.08083992533495127 2.1537994558022544
-0.11861997659004533 2.150500315933126
-0.13356540801937944 2.1456593429557045
-0.1397191319391787 2.1402084353638515
-0.1424850722878632 2.1345063895399514
-0.14393939667413033 2.128691463551428
-0.14488433822164468 2.1228171854600233
-0.14563255453325882 2.1169043435733097
-0.14630711459987436 2.1109609664002984
-0.1469570030517026 2.104990059909309
-0.1476019795004314 2.09899263096802
-0.1482501648765385 2.0929688800390767
-0.14890500233832216 2.086918676163671
-0.1495680392207084 2.0808417478650423
-0.15024004965462281 2.0747377605184947
-0.15092149202285773 2.068606347906451
-0.1516126972477279 2.0624471251043777
-0.15231394713472649 2.0562596936825455
-0.15302550739509546 2.050043643710525
-0.15374764181961167 2.0437985544140056
-0.15448061854816633 2.037523994253171
-0.15522471300179239 2.031219520745209
-0.15598020940030746 2.024884680167161
-0.15674740168324394 2.018519007196839
-0.15752659418533121 2.012122024516155
-0.15831810221931827 2.0056932423868856
-0.1591222526337656 1.9992321582026495
-0.15993938437662486 1.9927382560181235
-0.16076984907942587 1.9862110060552562
-0.16161401166992942 1.9796498641856415
-0.16247225101810914 1.9730542713878894
-0.1633449606190866 1.9664236531786328
-0.16423254931619816 1.959757419015665
-0.1651354420672911 1.9530549616715662
-0.1660540807574426 1.9463156565760582
-0.16698892506148347 1.9395388611251911
-0.16794045335995386 1.93272391395533
-0.1689091637124034 1.9258701341797597
-0.16989557489226903 1.91897682058557
-0.17090022748791964 1.9120432507883052
-0.17192368507484676 1.9050686803416805
-0.17296653546441204 1.8980523417994595
-0.17402939203503331 1.8909934437263693
-0.1751128951522116 1.8838911696546898
-0.17621771368437186 1.8767446769828893
-0.17734454662212026 1.869553095812398
-0.17849412480921312 1.8623155277183
-0.17966721279429804 1.8550310444493794
-0.18086461081333197 1.8476986865525995
-0.1820871569135135 1.8403174619166751
-0.18333572923060046 1.8328863442289667
-0.18461124843262655 1.8254042713394352
-0.18591468034429956 1.8178701435248676
-0.18724703876777107 1.8102828216459974
-0.1886093885170324 1.802641125189508
-0.19000284868493167 1.7949438301862009
-0.19142859616374588 1.7871896669958325
-0.19288786944240444 1.7793773179482757
-0.19438197270587404 1.7715054148297122
-0.1959122802649149 1.7635725362015267
-0.19748024134743894 1.7555772045384188
-0.19908738528608794 1.7475178831709766
-0.2007353271404499 1.73939297301654
-0.20242577379660398 1.7312008090806186
-0.20416053059149214 1.7229396567093809
-0.20594150851503334 1.7146077075717985
-0.20777073204901172 1.7062030753478667
-0.20965034770868235 1.6977237910969138
-0.21158263336086225 1.6891677982773203
-0.21357000840114637 1.6805329473859605
-0.2156150448829611 1.6718169901823032
-0.2177204797026263 1.6630175734583281
-0.21988922795764976 1.6541322323111596
-0.22212439761037348 1.6451583828705383
-0.22442930560612112 1.6360933144278582
-0.22680749561449443 1.6269341809074094
-0.22926275758484 1.6176779916135853
-0.23179914933261953 1.6083216011800154
-0.23442102040302792 1.5988616986377424
-0.23713303849236617 1.5892947955095058
-0.23994021874717195 1.5796172128257493
-0.24284795630686415 1.569825066944908
-0.24586206250876938 1.5599142540456055
-0.24898880523618766 1.5498804331412943
-0.25223495396219153 1.5397190074482627
-0.2556078301260319 1.529425103915368
-0.259115363577613 1.5189935506978693
-0.26276615594124497 1.508418852327719
-0.26656955188609205 1.4976951622979295
-0.2705357194514365 1.486816252738338
-0.2746757407649498 1.475775480813235
-0.27900171471757124 1.4645657514167112
-0.2835268734266225 1.453179475677761
-0.2882657146383803 1.4416085247124384
-0.2932341526034841 1.4298441779725601
-0.2984496904168583 1.4178770654370674
-0.30393161736508717 1.4056971027700615
-0.30970123548929546 1.3932934184249415
-0.31578212037659514 1.3806542715023344
-0.3222004221706412 1.3677669589649257
-0.3289852139826877 1.3546177105678154
-0.33616889634025926 1.34119156956995
-0.3437876680962844 1.3274722569396908
-0.35188207641991326 1.3134420163422182
-0.3604976612065259 1.2990814366813825
-0.36968571261320426 1.2843692483426863
-0.3795041646198937 1.269282088520657
-0.3900186527581066 1.2537942300792986
-0.40130377072601925 1.2378772672458154
-0.41344456889460524 1.2214997500209037
-0.42653834819049424 1.2046267574338483
-0.44069681615349793 1.1872193975878715
-0.456048688944348 1.1692342197151095
-0.4727428448185513 1.150622520041638
-0.49095216253290835 1.131329518956793
-0.5108782142253411 1.1112933815341526
-0.5327570290378493 1.090444046532464
-0.5568662044867351 1.0687018201786602
-0.5835337217494982 1.0459756797303583
-0.6131489244573924 1.0221612172796832
-0.6461762558602865 0.9971381355040755
-0.6831725261638062 0.9707671827927793
-0.7248087127710631 0.9428863836799475
-0.7718975960470528 0.9133063795930225
-0.8254289189048989 0.8818046417642014
-0.886614246135436 0.8481182492519952
-0.9569442977502317 0.8119348362188576
-1.0382622258262069 0.7728811993907471
-1.132857026876477 0.7305089150319916
-1.2435818372343495 0.6842761436890618
-1.3740017865063707 0.6335246072082404
-1.528574371370667 0.5774505317395339
-1.7128598293216317 0.5150682295463831
-1.9337453941788458 0.44516509530016596
-2.199636973296858 0.3662474503339557
-2.5205081060248946 0.2764785644011183
-2.9075686338266813 0.173614679401307
-3.3720732363541175 0.05495455493509663
-3.9223620454923047 -0.08266236157715104
-4.557565202573164 -0.2427369899470072
-5.255681038587494 -0.42873475038110803
-5.953931147149751 -0.6432231579592002
-6.523464621240329 -0.886207692447802
-6.754811692973784 -1.1524353284532602
-6.398293688795922 -1.428104417364563
-5.315754045806326 -1.6892237308181106
-3.699168941121378 -1.9061637642772622
-2.079495326869684 -2.0571297094550736
-0.9288748766075436 -2.141995521887678
-0.31291279516557713 -2.1799036239319367
-0.039318556904658575 -2.192673837088539
0.07146557320788773 -2.194278457802169
0.11495608595206197 -2.191361892492845
0.13210754677265152 -2.186670445725768
0.13911052156325504 -2.181279034578807
0.14220473715422485 -2.175601826615007
0.14378665589480405 -2.16979834132008
0.1447813032980907 -2.163930296697999
0.14554871243496498 -2.158021659746196
0.14623038801268576 -2.152081704234054
0.1468825562126162 -2.146113929014423
0.14752784845544178 -2.1401195383062093
0.14817553537764389 -2.1340988127225398
0.1488295245918096 -2.1280516545346972
0.14949155256868912 -2.121977806541273
0.15016247088336532 -2.1158769406741444
0.15084276960635198 -2.10974869411175
0.15153279241163192 -2.103592684032373
0.15223282593176263 -2.097408513588695
0.1529431373426576 -2.091195774235701
0.15366399044418746 -2.0849540465247207
0.15439565273315164 -2.0786829002412075
0.15513839867595172 -2.072381894253863
0.15589251137100696 -2.0660505762302024
0.156658283530742 -2.059688482284276
0.15743601818196365 -2.053295136584314
0.15822602925774845 -2.0468700509317874
0.1590286421572346 -2.040412724316316
0.1598441943079421 -2.0339226424477297
0.16067303574710037 -2.0273992772651788
0.1615155297305653 -2.020842086422525
0.16237205337449934 -2.0142505127488777
0.1632429983335655 -2.0076239836829433
0.1641287715188563 -2.0009619106796985
0.16502979585865907 -1.994263688587764
0.16594651110523576 -1.98752869499573
0.1668793746909736 -1.9807562895455568
0.16782886263750138 -1.973945813211035
0.16879547052164637 -1.9670965875391448
0.16977971450242407 -1.9602079138519926
0.17078213241360302 -1.953279072406836
0.17180328492677407 -1.9463093215115213
0.17284375679027825 -1.9392978965924526
0.17390415814981436 -1.9322440092120028
0.17498512595706073 -1.9251468460320265
0.17608732547321046 -1.9180055677198882
0.17721145187494047 -1.9108193077931281
0.17835823197101985 -1.903587171398589
0.17952842603851873 -1.8963082340214856
0.1807228297884119 -1.8889815401195376
0.18194227647129407 -1.8816061016768841
0.18318763913494257 -1.8741808966720634
0.1844598330465926 -1.8667048674538589
0.1857598182940421 -1.8591769190182899
0.18708860258109278 -1.8515959171794505
0.18844724423437798 -1.8439606866262634
0.18983685544034454 -1.836270008856523
0.19125860573307008 -1.8285226199788343
0.19271372575572884 -1.8207172083722125
0.19420351132090075 -1.8128524121921734
0.19572932779758023 -1.8049268167111188
0.19729261485572033 -1.796938951479686
0.1988948916024856 -1.7888872872944686
0.20053776214813476 -1.7807702329561217
0.20222292164366246 -1.7725861318003202
0.20395216283706774 -1.7643332579823163
0.20572738320045336 -1.7560098124939296
0.20755059268618364 -1.7476139188896762
0.20942392217713549 -1.7391436186963614
0.2113496327037808 -1.7305968664778126
0.2133301255095714 -1.7219715245234555
0.21536795305601197 -1.7132653571261127
0.2174658310700804 -1.7044760244106798
0.2196266517494972 -1.6956010756711337
0.22185349825599604 -1.686637942168626
0.22414966064349362 -1.6775839293380934
0.2265186533872275 -1.6684362083448283
0.2289642347019213 -1.6591918069256704
0.2314904278623041 -1.64984759944181
0.2341015447684011 -1.6404002960614852
0.23680221203156904 -1.6308464309809587
0.23959739989603285 -1.6211823495809063
0.2424924543555963 -1.6114041944024933
0.24549313287732744 -1.6015078898127433
0.24860564420464543 -1.5914891252119967
0.2518366927828987 -1.5813433366169736
0.25519352843307375 -1.5710656864307944
0.2586840019959263 -1.5606510411857786
0.26231662778226517 -1.5500939470153632
0.2661006537985737 -1.5393886025773769
0.27004614087455203 -1.5285288291113515
0.27416405200527355 -1.5175080372665788
0.2784663534412818 -1.5063191902840434
0.28296612932221615 -1.4949547630527913
0.2876777119621653 -1.4834066964880117
0.292616830268617 -1.4716663465920719
0.29780077922483617 -1.4597244274584609
0.30324861390412283 -1.4475709473590261
0.30898137213401466 -1.4351951369133376
0.31502233071443464 -1.422585368170954
0.32139730104772013 -1.4097290632372288
0.3281349712001455 -1.3966125908342253
0.3352673028340096 -1.3832211489018362
0.34282999318983737 -1.3695386309997994
0.35086301443995427 -1.3555474738558608
0.3594112453797416 -1.3412284829025019
0.3685252137017647 -1.326560632033858
0.3782619711780661 -1.3115208330698571
0.38868612917276185 -1.2960836695034892
0.3998710882992469 -1.280221087988009
0.41190050408520973 -1.263902039640875
0.42487004068489104 -1.2470920615327679
0.4388894775965448 -1.2297527866062528
0.45408525081017503 -1.2118413676176751
0.4706035308867119 -1.1933097973728513
0.4886139675531475 -1.1741041033439674
0.508314265336498 -1.1541633894666552
0.5299357999975987 -1.1334186912019075
0.5537505442991059 -1.1117916013869868
0.5800796482264627 -1.089192613440386
0.6093041188057736 -1.065519114401336
0.641878175488532 -1.0406529421176873
0.678346028203197 -1.0144573973902113
0.7193630486225482 -0.9867735713916437
0.7657225956111319 -0.9574158090699332
0.8183901298972249 -0.9261660777842357
0.878546727246472 -0.8927669436947627
0.9476446841064734 -0.8569127723463651
1.0274785951371077 -0.8182386599427576
1.1202760084374161 -0.7763064638917653
1.2288123585773991 -0.7305871336406544
1.356554923842927 -0.6804383510055535
1.5078391320716884 -0.6250762954943825
1.6880757046077968 -0.5635402144522748
1.9039748988351308 -0.49464853950201904
2.163746552212273 -0.4169458514733022
2.477176415606929 -0.3286416813801856
2.8553620881463275 -0.2275461961761721
3.3096674829361046 -0.11101666121223897
3.8490538748081247 0.024053428242570285
4.474312621655483 0.18113629347515306
5.166982273619734 0.36373645170000746
5.870703520796965 0.5746049940860538
6.466161182704303 0.8141929447805007
6.753435851544103 1.0780819831446447
6.482175716590261 1.353694922903218
5.488062038725831 1.6182375267798208
3.913505164423579 1.842209582681532
2.2620379647811855 2.001922754885652
1.0405680273170674 2.094238273537732
0.3664460356560998 2.1367046594384824
0.06171099963925225 2.151659605538542
-0.06259821666271559 2.154178079156993
-0.11147234380204205 2.1516233975256998
-0.13070486950864924 2.1470741249698593
-0.13850784915135078 2.141739958166779
-0.1419105093772507 2.136087345730176
-0.143611842285114 2.1302958680983632
-0.1446526874737281 2.124434957754883
-0.1454376725331122 2.118531569714335
-0.14612561745657013 2.112596145826459
-0.1467795341503042 2.1066326463742455
-0.14742473863999742 2.1006424600760654
-0.14807157363226334 2.0946259424837024
-0.14872437864636784 2.088583027055086
-0.1493850654565411 2.0825134701490082
-0.15005455708337612 2.076416950103276
-0.15073337259120734 2.0702931075865125
-0.15142186711511435 2.064141562083924
-0.15212033142216974 2.057961918587379
-0.15282903371427772 2.0517537702223176
-0.1535482374670949 2.045516699168652
-0.15427820924160515 2.0392502768536493
-0.15501922226875267 2.0329540638260175
-0.15577155824363315 2.0266276094836977
-0.1565355083624064 2.0202704517284364
-0.1573113740444498 2.0138821165780403
-0.15809946753151363 2.007462117749157
-0.15890011244828559 2.001009956215608
-0.15971364436245505 1.9945251197438396
-0.16054041136226238 1.988007082405523
-0.16138077466076617 1.9814553040665774
-0.1622351092322776 1.9748692298515391
-0.1631038044848195 1.968248289581952
-0.16398726497186347 1.9615918971873176
-0.16488591114644094 1.9548994500869976
-0.16580018016078435 1.94817032854134
-0.16673052671482183 1.9414038949701724
-0.16767742395708074 1.9345994932366666
-0.16864136444183048 1.927756447894437
-0.16962286114660657 1.9208740633955772
-0.17062244855460348 1.9139516232571716
-0.17164068380680506 1.9069883891836314
-0.17267814792914038 1.8999836001420136
-0.17373544714041314 1.8929364713872576
-0.1748132142472587 1.885846193434045
-0.17591211013294003 1.8787119309717286
-0.17703282534740553 1.8715328217185048
-0.17817608180670746 1.8643079752106921
-0.1793426346106235 1.857036471522657
-0.1805332739881455 1.84971735991256
-0.18174882738140807 1.8423496573887053
-0.18299016167963267 1.8349323471908434
-0.18425818561577584 1.8274643771803059
-0.18555385233980218 1.819944658132329
-0.18687816218387082 1.8123720619233625
-0.1882321656362434 1.8047454196055266
-0.18961696654241192 1.7970635193597033
-0.1910337255538267 1.7893251043179867
-0.19248366384670287 1.7815288702453873
-0.19396806713572604 1.77367346306977
-0.1954882900100943 1.765757476247989
-0.1970457606222641 1.7577794479550661
-0.19864198576304765 1.7497378580820167
-0.20027855636039268 1.7416311250265577
-0.20195715344331075 1.7334576022594066
-0.20367955461707435 1.7252155746471864
-0.2054476411010453 1.7169032545110747
-0.20726340538641108 1.708518777398232
-0.20912895957778876 1.7000601975407124
-0.2110465444902171 1.6915254829739474
-0.21301853958162661 1.682912510283974
-0.2150474738106049 1.6742190589493104
-0.21713603752033078 1.6654428052397199
-0.21928709546214414 1.6565813156299796
-0.22150370108658096 1.6476320396821489
-0.2237891122461137 1.63859230234461
-0.22614680847262264 1.629459295610266
-0.22858051001416238 1.620230069469633
-0.2310941988403323 1.6109015220870273
-0.2336921418540387 1.6014703891195063
-0.23637891658027665 1.59193323208852
-0.2391594396405066 1.5822864257031835
-0.24203899836513143 1.5725261440214877
-0.24502328594755218 1.5626483453213813
-0.2481184406025385 1.5526487555371873
-0.2513310892607011 1.5425228500979369
-0.25466839641148736 1.5322658339824986
-0.25813811880150206 1.5218726197813859
-0.2617486668056841 1.5113378035262848
-0.2655091734190934 1.5006556380149758
-0.26942957197058875 1.4898200033206486
-0.27352068384113903 1.4788243741296598
-0.2777943176845499 1.4676617834994408
-0.28226338190389505 1.4563247825671286
-0.28694201244137396 1.4448053956679487
-0.29184571830305545 1.4330950702383933
-0.2969915476758323 1.4211846207804235
-0.3023982780177479 1.4090641660463092
-0.3080866341343464 1.3967230584657366
-0.3140795390173438 1.3841498046730503
-0.3204024031483454 1.3713319757975757
-0.32708345909794767 1.3582561059472333
-0.33415414962769086 1.3449075770369043
-0.3416495791900127 1.331270487778056
-0.34960904079697597 1.3173275042423036
-0.35807663279055896 1.3030596889230541
-0.3671019832214553 1.2884463046262753
-0.37674110349083445 1.2734645887988074
-0.3870573978378238 1.258089493018893
-0.39812286143257675 1.2422933812887438
-0.4100195076081648 1.2260456794320007
-0.42284107458640074 1.209312466244759
-0.4366950745136908 1.1920559949937903
-0.45170526349712825 1.174234131292029
-0.4680146316357753 1.155799690169974
-0.48578903811863366 1.136699651121603
-0.5052216500809993 1.1168742247991255
-0.5265383874187576 1.0962557385545773
-0.5500046322579509 1.0747672997743314
-0.5759335353657327 1.0523211853949688
-0.6046963478723419 1.0288168924280925
-0.6367353323258876 1.0041387668395798
-0.6725799714772814 0.9781531055187034
-0.7128674079110067 0.9507045967542043
-0.7583683269612201 0.9216119265532273
-0.8100198557561114 0.8906623286584338
-0.8689675094871655 0.8576047919296718
-0.9366187839514309 0.8221415558659598
-1.014711665731279 0.7839174189743756
-1.1054020586947195 0.7425062511855273
-1.211374757828256 0.697393938325937
-1.335982771640776 0.6479567976624865
-1.4834186826048024 0.5934343075918164
-1.658917599279665 0.5328948439775998
-1.8689805119929879 0.4651931338547199
-2.121582348946522 0.38891859381535676
-2.4262768214985684 0.30233517746449934
-2.794004331508571 0.20331694405840078
-3.2362049214789126 0.08929146659285296
-3.7624686324949326 -0.04278055891784073
-4.3753575159057085 -0.19632981345236805
-5.060282052405704 -0.3748915372862923
-5.7680704008282655 -0.5814055611297563
-6.390458078060315 -0.8168049748286678
-6.739542009371276 -1.0776045109485564
-6.566999636582471 -1.3526504322634856
-5.68209213742133 -1.620654765912135
-4.16939717065687 -1.8525453401915524
-2.4912714197982586 -2.022701663059871
-1.1868799326182677 -2.1243723762850695
-0.4385388811604576 -2.1728098641890354
-0.09226337993794875 -2.1907069750659285
0.05046548433558795 -2.1944723149515433
0.10673354608488772 -2.1924127795091666
0.12883320569713624 -2.1880569009528332
0.13773975320064286 -2.1827991181973205
0.1415683711562301 -2.17717785235046
0.1434350338949766 -2.171400337644034
0.1445402874949527 -2.165546642987687
0.14535025006445124 -2.1596478420771956
0.14604761098467153 -2.153715985967872
0.1467047336451015 -2.1477556700201017
0.1473506328954017 -2.1417685363883843
0.1479971284338437 -2.135755043108767
0.1486491550109007 -2.129715165846269
0.14930886629926682 -2.1236486788749276
0.1499772842582572 -2.1175552685757313
0.15065496848325663 -2.1114345796227187
0.15134229053748213 -2.105286233852408
0.15203954756182564 -2.0991098379375353
0.15274700988385692 -2.092904986424287
0.1534649412777726 -2.0866712628265724
0.15419360779388244 -2.080408239893472
0.15493328177420757 -2.074115479516347
0.15568424382983004 -2.0677925324720703
0.15644678395533962 -2.06143893808556
0.15722120228303546 -2.0550542238468292
0.15800780969429942 -2.0486379049972623
0.15880692838358312 -2.042189484090932
0.15961889241788269 -2.0357084505329066
0.16044404831176923 -2.0291942800947225
0.1612827556281186 -2.0226464344063886
0.16213538761038154 -2.016064360423874
0.1630023318504156 -2.0094474898707944
0.16388399099519177 -2.0027952386528423
0.16478078349548358 -1.9961070062433754
0.16569314439968358 -1.9893821750384522
0.16662152619604695 -1.9826201096794693
0.16756639970688733 -1.9758201563414284
0.16852825503851868 -1.968981641984708
0.16950760259104536 -1.9621038735680687
0.17050497413244253 -1.9551861372204489
0.17152092394174673 -1.9482276973689239
0.17255603002658956 -1.9412277958200133
0.17361089542076358 -1.9341856507912982
0.17468614956800838 -1.9271004558900844
0.17578244979875596 -1.9199713790355917
0.17690048290717889 -1.9127975613208765
0.17804096683655207 -1.9055781158103944
0.1792046524816744 -1.8983121262687803
0.18039232561790677 -1.890998645816072
0.1816048089672818 -1.8836366955042068
0.18284296441312936 -1.8762252628091998
0.18410769537576255 -1.8687633000329409
0.18539994936298335 -1.8612497226080382
0.18672072071051893 -1.853683407298574
0.18807105352899814 -1.8460631902890203
0.18945204487574582 -1.838387865152887
0.19086484817152982 -1.8306561806919266
0.1923106768844645 -1.8228668386358973
0.1937908085055853 -1.8150184911919856
0.19530658884318955 -1.8071097384319807
0.19685943666592687 -1.7991391255041949
0.19845084872785787 -1.7911051396558941
0.20008240521232848 -1.7830062070506538
0.2017557756355847 -1.7748406893635453
0.20347272525563656 -1.7666068801353907
0.20523512203704583 -1.7583030008654672
0.20704494422813702 -1.7499271968199743
0.20890428861371235 -1.7414775325312672
0.21081537951379686 -1.7329519869602918
0.21278057860737512 -1.7243484482917737
0.21480239566965478 -1.7156647083284926
0.2168835003222734 -1.7068984564473613
0.21902673490825342 -1.698047273075969
0.2212351286176379 -1.6891086226436882
0.2235119130058795 -1.6800798459563029
0.2258605390655229 -1.6709581519373202
0.22828469603289472 -1.6617406086725728
0.2307883321358317 -1.6524241336873053
0.2333756775164594 -1.643005483376532
0.23605126959529202 -1.6334812414998947
0.2388199811801886 -1.6238478066413957
0.2416870516668327 -1.6141013785219802
0.24465812172743132 -1.6042379430388034
0.24773927194247944 -1.594253255888826
0.25093706589817244 -1.5841428246158165
0.2542585983511299 -1.5739018888985143
0.2577115491546281 -1.5635253988731554
0.26130424374906874 -1.5530079912552237
0.26504572114701136 -1.5423439629925424
0.26894581049348076 -1.531527242143842
0.2730152174599573 -1.520551355632843
0.2772656219409581 -1.5094093934765338
0.2817097887721541 -1.4980939690263757
0.28636169348677526 -1.486597174691014
0.29123666548275445 -1.4749105325267757
0.29635155139913466 -1.4630249389854033
0.30172490201214486 -1.4509306029942715
0.3073771865781876 -1.4386169764092316
0.31333103929661776 -1.4260726757199516
0.3196115434694044 -1.4132853936969196
0.326246560034885 -1.400241799441673
0.3332671084958009 -1.3869274250293095
0.3407078099069189 -1.373326536605032
0.3486074036099145 -1.3594219874020244
0.3570093518983369 -1.3451950496709784
0.3659625498853443 -1.330625221932775
0.3755221616877487 -1.3156900072609155
0.38575060883273843 -1.3003646574386334
0.39671874279797764 -1.2846218767783653
0.40850724114795617 -1.268431478088952
0.4212082762670183 -1.2517599816654374
0.4349275177836289 -1.2345701461765801
0.44978654517938355 -1.216820417831883
0.4659257667632886 -1.1984642810881843
0.48350796646261823 -1.179449490230648
0.5027226324474676 -1.1597171562064812
0.5237912637306382 -1.1392006568041309
0.5469739055636772 -1.1178243302660396
0.5725772356453498 -1.0955019021868322
0.600964616093455 -1.0721345824070831
0.6325686476490486 -1.0476087516783394
0.6679069215574909 -1.021793135981361
0.7076018723002377 -0.9945353379979138
0.7524059047755529 -0.9656575583772266
0.803233318909 -0.9349512915427699
0.8612009999464967 -0.9021707186309936
0.927680396786399 -0.8670244398277371
1.004363971526565 -0.8291650854287107
1.093350029354955 -0.7881762150425736
1.1972504962994008 -0.7435557548205752
1.319326472786498 -0.6946950361928795
1.4636555093389814 -0.6408523025593236
1.6353309381138532 -0.5811193893296058
1.8406839713585634 -0.514380269089254
2.0874970617330595 -0.43926053275583987
2.385129370091414 -0.35406816333545266
2.7443780452057807 -0.25672918924197585
3.1767102371972533 -0.1447289988981063
3.6921558461244848 -0.015084997462169625
4.294582463868027 0.13559473788535828
4.972324530294971 0.31085996937958454
5.681752726960037 0.5137843787252258
6.323381909068109 0.7456611014012404
6.719513310157236 1.0037232071923197
6.6254566430212 1.277951741803463
5.832498801516963 1.5483417510916286
4.379441390720513 1.7863705376472758
2.6889156482625367 1.9650989275705888
1.3184456960296662 2.0748356546042843
0.5052413189981175 2.12864244305726
0.12094517084013301 2.1492617320055265
-0.03900263771329976 2.1541975979584445
-0.10223566175293537 2.1526058701513247
-0.12704032302049625 2.1484335537329424
-0.13698698619560445 2.1432489399059595
-0.14121615677654903 2.137658395062714
-0.14323774785562374 2.131895254497502
-0.1444030070711396 2.1260496112369887
-0.14523596685418946 2.1201564128467565
-0.14594174920412836 2.114229220723623
-0.14660148599721015 2.108273225076983
-0.14724765209690122 2.102290305061621
-0.14789344542675661 2.096281014508029
-0.14854435469282382 2.090245368629232
-0.1492027579978337 2.0841831586399167
-0.14986976871390917 2.078094078702559
-0.1505459836272889 2.0719777775420565
-0.15123178916370772 2.0658338795279994
-0.15192748802811037 2.059661993259645
-0.15263335218555224 2.053461714982627
-0.15334964535531065 2.0472326298434753
-0.1540766327770202 2.040974312226133
-0.15481458562142128 2.0346863256899064
-0.15556378313476354 2.0283682227274165
-0.15632451382329154 2.022019544435028
-0.15709707623577812 2.015639820134942
-0.15788177958505695 2.009228566965354
-0.15867894431409407 2.002785289445245
-0.1594889026538332 1.9963094790160698
-0.16031199919477737 1.989800613560682
-0.1611485914832701 1.9832581568989305
-0.1619990506486677 1.9766815582589208
-0.16286376206556583 1.970070251722683
-0.16374312605443855 1.9634236556448112
-0.16463755862380242 1.956741172042512
-0.16554749225702992 1.9500221859553628
-0.16647337674708304 1.9432660647729594
-0.16741568008265348 1.9364721575284995
-0.16837488938946027 1.9296397941562005
-0.16935151193075848 1.922768284710302
-0.17034607617144734 1.9158569185432386
-0.171359132910539 1.908904963440383
-0.17239125648715609 1.9019116647085743
-0.1734430460656757 1.8948762442154286
-0.1745151270061304 1.8877978993761995
-0.17560815232651855 1.8806758020847143
-0.1767228042642735 1.8735090975846314
-0.1778597959447979 1.866296903276971
-0.17901987316569404 1.859038307459555
-0.1802038163061207 1.8517323679936277
-0.18141244237159018 1.844378110892557
-0.18264660718549555 1.8369745288270836
-0.18390720773973976 1.829520579541134
-0.18519518471803578 1.8220151841717012
-0.18651152520677672 1.8144572254657485
-0.18785726560985017 1.8068455458864805
-0.1892334947854129 1.799178945600657
-0.19064135742446897 1.791456180337895
-0.19208205769312992 1.783675959112086
-0.19355686316270893 1.7758369417941715
-0.19506710905433763 1.7679377365245272
-0.1966142028276352 1.7599768969521221
-0.19819962914613862 1.7519529192864094
-0.1998249552557707 1.7438642391465755
-0.2014918368166273 1.7357092281912887
-0.20320202423287057 1.7274861905104484
-0.20495736953058769 1.7191933587586061
-0.20675983383919497 1.7108288900076971
-0.20861149553842925 1.702390861294448
-0.21051455914027564 1.6938772648353015
-0.21247136498345967 1.6852860028788612
-0.21448439982752437 1.6766148821626974
-0.21655630844418566 1.6678616079378001
-0.21868990631580867 1.659023777519981
-0.22088819356469783 1.6500988733230386
-0.22315437025271243 1.6410842553234604
-0.22549185320881635 1.631977152900734
-0.2279042945629119 1.6227746559909157
-0.2303956021881223 1.6134737054838155
-0.23296996228108277 1.6040710827859193
-0.2356318643413741 1.5945633984617908
-0.23838612884769478 1.5849470798560443
-0.2412379379705593 1.5752183575858303
-0.2441928697102317 1.565373250779913
-0.24725693590544898 1.5554075509245524
-0.2504366246246844 1.5453168041582206
-0.2537389475289555 1.5350962918362976
-0.25717149288554647 1.5247410091628548
-0.26074248501796826 1.5142456416589078
-0.2644608511019956 1.5036045392044695
-0.2683362963643269 1.4928116873546056
-0.27237938891368557 1.4818606755865749
-0.27660165563936884 1.4707446620849467
-0.2810156908558752 1.4594563346130236
-0.28563527966229013 1.4479878669503945
-0.29047553833139667 1.4363308702960935
-0.2955530744580945 1.424476338942373
-0.3008861700946046 1.4124145894126938
-0.3064949916996439 1.400135192125828
-0.3124018314533374 1.387626894491772
-0.3186313853678956 1.3748775341594117
-0.32521107469209126 1.3618739409142766
-0.3321714184106837 1.348601825459528
-0.3395464662353886 1.3350456529949577
-0.3473743034442492 1.321188499125291
-0.3556976413434533 1.3070118851656032
-0.36456451011728525 1.2924955893495342
-0.37402907454852846 1.27761742976176
-0.3841525977267316 1.2623530139802834
-0.39500458366502555 1.2466754493890466
-0.40666413704105475 1.2305550068594655
-0.419221587484574 1.2139587289398874
-0.43278043750202727 1.1968499717566143
-0.4474597079753488 1.1791878674186183
-0.4633967741418872 1.1609266907006368
-0.48075080929766256 1.1420151099877345
-0.4997069848082015 1.122395297679671
-0.5204816155303654 1.10200186918958
-0.5433284923174184 1.0807606119540032
-0.5685467116973564 1.0585869560084953
-0.5964904020931504 1.0353841250280025
-0.6275808626684365 1.01104089043267
-0.6623217835751367 0.9854288300979707
-0.7013184159616404 0.9583989659147567
-0.7453018201145863 0.9297776190064538
-0.7951596565258366 0.8993612753608367
-0.8519754145209695 0.8669101948545496
-0.917078510383013 0.8321404193269616
-0.9921083329038636 0.7947137361108495
-1.0790960357170492 0.7542250278145988
-1.1805685585561803 0.7101862840960517
-1.2996797131926354 0.6620063682483553
-1.440372532685549 0.6089654340673191
-1.6075740330991535 0.5501827171203298
-1.8074151282532644 0.48457637763896777
-2.047448730243354 0.41081436852058617
-2.3367964211431564 0.3272564024790035
-2.6860665264951447 0.2318899334095856
-3.1067149735057464 0.12226948123853827
-3.609203624832698 -0.004517959356477433
-4.198778248122418 -0.1518123504033697
-4.866951143438892 -0.3231677377644241
-5.576256205427405 -0.5217917777037162
-6.237265001141527 -0.7493631057520075
-6.684695878281158 -1.0039107139335275
-6.680312037813593 -1.2767183222243275
-5.998483516923911 -1.5493470225954762
-4.62651057407637 -1.794149773748394
-2.9338295345132703 -1.9829612481112946
-1.4890141911298769 -2.1026931002429547
-0.5945317915192205 -2.163460920887273
-0.15998544164178236 -2.187724223070424
0.02331765189650578 -2.1942533526659003
0.09610142535533364 -2.1933017412596865
0.12463069458096002 -2.1893797677724995
0.13601175890143907 -2.18429349274558
0.1407938816784322 -2.1787427476823855
0.1430297649767678 -2.172996840490487
0.14427846168143757 -2.1671596851721002
0.1451438651870105 -2.161271569575537
0.14586202368023338 -2.155348136192666
0.14652615392897347 -2.149395394206311
0.1471734982236347 -2.1434155485509105
0.14781915325453837 -2.137409284274232
0.14846937104583502 -2.1313766703164356
0.1491268392347116 -2.1253175204677417
0.14979279761226363 -2.1192315388338177
0.15046789477077813 -2.1131183789234975
0.15115253823768068 -2.1069776677760634
0.1518470390510846 -2.1008090157992876
0.152551672134951 -2.094612020707236
0.1532667018690449 -2.0883862689941157
0.15399239314547006 -2.0821313363645904
0.1547290163248193 -2.075846787712873
0.1554768496122443 -2.069532176899551
0.1562361803402391 -2.063187046431445
0.1570073057922058 -2.056810927089114
0.15779053384014627 -2.050403337520751
0.15858618351592127 -2.0439637838100553
0.15939458556932462 -2.0374917590207886
0.1602160830375524 -2.030986742718558
0.16105103183817246 -2.024448200469358
0.161899801392282 -2.017875583313911
0.16276277528222494 -2.011268327216579
0.16364035194730914 -2.0046258524874316
0.16453294542065594 -1.9979475631759231
0.16544098611030178 -1.991232846434495
0.16636492162780056 -1.9844810718503043
0.16730521766778475 -1.9776915907431343
0.1682623589422017 -1.9708637354274103
0.16923685017323875 -1.963996818436088
0.1702292171492827 -1.9570901317040208
0.17124000784862603 -1.9501429457082307
0.1722697936360356 -1.943154508562322
0.173319170537743 -1.9361240450620618
0.17438876060090325 -1.9290507556789247
0.1754792133441036 -1.9219338154981602
0.176591207306095 -1.9147723730976625
0.17772545170056653 -1.9075655493636337
0.1788826881855 -1.9003124362387176
0.1800636927564309 -1.8930120953979217
0.18126927777381469 -1.885663556847276
0.18250029413566138 -1.8782658174397517
0.18375763360766886 -1.8708178393025146
0.18504223132426872 -1.8633185481690822
0.18635506847530947 -1.8557668316094131
0.1876971751945595 -1.8481615371503495
0.18906963366783147 -1.8405014702781775
0.19047358148033247 -1.8327853923143431
0.19191021522485302 -1.825012018154561
0.19338079439464906 -1.8171800138606684
0.19488664558737448 -1.8092879940936084
0.1964291670492217 -1.8013345193748485
0.19800983359156257 -1.7933180931623471
0.1996302019158991 -1.7852371587258709
0.20129191638688035 -1.7770900958049936
0.20299671529758073 -1.7688752170314963
0.20474643767623382 -1.7605907640960756
0.20654303068924978 -1.7522349036372633
0.2083885577017087 -1.7438057228282247
0.21028520706371806 -1.7353012246346
0.21223530169917232 -1.7267193227137696
0.2142413095826978 -1.7180578359227932
0.21630585520106949 -1.7093144823987771
0.21843173210733977 -1.7004868731714935
0.2206219166895428 -1.6915725052636534
0.22287958329139734 -1.6825687542292709
0.22520812084022257 -1.6734728660749378
0.22761115115767339 -1.6642819485025016
0.23009254915230526 -1.6549929614044667
0.2326564651198975 -1.6456027065353231
0.23530734940848044 -1.6361078162727805
0.2380499797408218 -1.6265047413724034
0.24088949152855244 -1.6167897376071962
0.24383141156013444 -1.6069588511700426
0.2468816955006578 -1.597007902701315
0.2500467697063951 -1.5869324697860887
0.253333577932814 -1.5767278677448688
0.2567496336033533 -1.5663891285181304
0.260303078410123 -1.5559109774177275
0.2640027481397119 -1.545287807486763
0.26785824676099734 -1.5345136511730562
0.2718800299815456 -1.523582148979029
0.2760794996800681 -1.5124865147015925
0.280469110860827 -1.5012194968181691
0.28506249305964787 -1.4897733355078264
0.2898745884698657 -1.4781397147177342
0.2949218094618713 -1.4663097085925971
0.3002222186565083 -1.454273721475592
0.3057957352984231 -1.442021420560371
0.31166437238304523 -1.429541660120807
0.3178525098481672 -1.416822396063407
0.32438721018318045 -1.4038505893305624
0.33129858407997265 -1.3906120964235442
0.3386202153048882 -1.3770915450030021
0.34638965588135434 -1.3632721921501099
0.35464900502717095 -1.3491357624189246
0.3634455882030397 -1.3346622622618685
0.3728327562455943 -1.3198297667427141
0.3828708290664771 -1.3046141736363333
0.3936282140407314 -1.2889889190153558
0.4051827362960517 -1.2729246471945348
0.41762322705615096 -1.256388826384977
0.4310514275173447 -1.2393452995268532
0.4455842801419628 -1.2217537574234332
0.46135669764729115 -1.203569118365663
0.4785249235552521 -1.1847407947521642
0.4972706285310292 -1.1652118225626003
0.5178059259743854 -1.1449178236562962
0.5403795412095497 -1.123785763380699
0.5652844348179636 -1.1017324564104254
0.59286726701613 -1.078662761472208
0.6235402028580994 -1.05446738982126
0.6577957057134156 -1.0290202319381974
0.6962251595343188 -1.0021750804926872
0.7395424120944196 -0.9737615933179683
0.7886136573681296 -0.9435802955675964
0.8444954925670132 -0.9113963623491746
0.9084835088369149 -0.8769318482210006
0.9821744079570516 -0.839855933664786
1.0675453534621793 -0.7997726365278499
1.1670549633433764 -0.7562052850846517
1.2837707722836789 -0.7085768695081035
1.421527534964469 -0.656185191508476
1.5851181131761143 -0.598171553491949
1.7805111932354414 -0.5334816574685575
2.0150722655218702 -0.460817618743963
2.2977254417205115 -0.3785809612654635
2.638913436346711 -0.28480900908117446
3.0500549239866253 -0.17711291098414106
3.541903902496633 -0.05263781082710567
4.120712789629008 0.0919100265061332
4.78037999156883 0.26007950213545034
5.4881631881355 0.4551705064185678
6.162544445050585 0.6791466903059098
6.6485142438783615 0.9306448948094617
6.71455734189684 1.2019759026198196
6.124548355633245 1.4760021803336407
4.826413233866815 1.7259497350444284
3.142259626157337 1.9229193915447673
1.6407992944736174 2.051157436902359
0.6766278085676805 2.118119724994615
0.19652974666566714 2.1457334291211008
-0.008518310271431795 2.1537539600655307
-0.09028737167389916 2.15340632123586
-0.12233035717082441 2.1497216237756143
-0.13506393098812125 2.14472922729733
-0.1403664064916578 2.139217163824265
-0.1428033240209761 2.1334887022253195
-0.14412990791711675 2.1276607881374527
-0.145025309744969 2.121778735134893
-0.14575466008719493 2.1158601400912946
-0.14642251442838863 2.109911779696199
-0.1470705776240506 2.1039361636489655
-0.14771571938535655 2.097934099641548
-0.1483649026614765 2.091905706899942
-0.14902110253485668 2.0858508204868023
-0.14968567575305533 2.079769154049369
-0.15035931855627865 2.0736603658649644
-0.15104245766037436 2.06752408579681
-0.151735411478657 2.0613599262935227
-0.1524384573429663 2.0551674868090273
-0.15315185991413194 2.0489463554791203
-0.15387588342688321 2.042696109638586
-0.1546107971466199 2.036416315838585
-0.1553568779571437 2.0301065296413485
-0.1561144117325358 2.023766295309265
-0.15688369419728784 2.017395145437982
-0.1576650315777657 2.0109926005544008
-0.15845874117717623 2.004558168688088
-0.15926515193277457 1.9980913449192208
-0.1600846049822721 1.9915916109037934
-0.1609174542525838 1.9850584343757058
-0.16176406707804644 1.9784912686248266
-0.1626248248526622 1.9718895519498263
-0.16350012371987396 1.9652527070843913
-0.1643903753030167 1.9585801405952876
-0.16529600747954978 1.9518712422506146
-0.16621746520229227 1.9451253843564618
-0.16715521137108222 1.9383419210600499
-0.16810972775853505 1.9315201876172992
-0.16908151599386742 1.9246594996226172
-0.17007109860907976 1.917759152198535
-0.17107902015215282 1.910818419142649
-0.17210584837231055 1.9038365520291307
-0.17315217548283945 1.8968127792618674
-0.17421861950743478 1.8897463050760637
-0.17530582571657197 1.8826363084848996
-0.17641446816098305 1.8754819421675677
-0.17754525130995752 1.8682823312947292
-0.1786989118028925 1.8610365722871087
-0.17987622032329492 1.8537437315026075
-0.18107798360529823 1.8464028438469369
